##FastQC	0.12.1
>>Basic Statistics	pass
#Measure	Value
Filename	SRR11256213.fastq.gz
File type	Conventional base calls
Encoding	Sanger / Illumina 1.9
Total Sequences	24741758
Total Bases	1.2 Gbp
Sequences flagged as poor quality	0
Sequence length	51
%GC	45
>>END_MODULE
>>Per base sequence quality	pass
#Base	Mean	Median	Lower Quartile	Upper Quartile	10th Percentile	90th Percentile
1	31.567209411716014	32.0	32.0	32.0	32.0	32.0
2	31.579385466465236	32.0	32.0	32.0	32.0	32.0
3	35.56069968835683	37.0	37.0	37.0	32.0	37.0
4	36.0903143180044	37.0	37.0	37.0	32.0	37.0
5	36.29129215474503	37.0	37.0	37.0	37.0	37.0
6	39.89956881802821	41.0	41.0	41.0	37.0	41.0
7	40.01101696168882	41.0	41.0	41.0	37.0	41.0
8	40.06189434881709	41.0	41.0	41.0	37.0	41.0
9	40.073466727788706	41.0	41.0	41.0	37.0	41.0
10	40.0395207971883	41.0	41.0	41.0	37.0	41.0
11	40.07308623744521	41.0	41.0	41.0	37.0	41.0
12	40.03000821526102	41.0	41.0	41.0	37.0	41.0
13	40.04825877773116	41.0	41.0	41.0	37.0	41.0
14	40.04551802664952	41.0	41.0	41.0	37.0	41.0
15	40.06683227602501	41.0	41.0	41.0	37.0	41.0
16	40.05543021639772	41.0	41.0	41.0	37.0	41.0
17	40.0548813871674	41.0	41.0	41.0	37.0	41.0
18	40.027514415103404	41.0	41.0	41.0	37.0	41.0
19	40.03405457283997	41.0	41.0	41.0	37.0	41.0
20	40.0270105705504	41.0	41.0	41.0	37.0	41.0
21	40.02051713544365	41.0	41.0	41.0	37.0	41.0
22	40.00283714681875	41.0	41.0	41.0	37.0	41.0
23	39.99236182004528	41.0	41.0	41.0	37.0	41.0
24	39.97638029601615	41.0	41.0	41.0	37.0	41.0
25	39.95671512105162	41.0	41.0	41.0	37.0	41.0
26	39.90627630421412	41.0	41.0	41.0	37.0	41.0
27	39.88255903238565	41.0	41.0	41.0	37.0	41.0
28	39.866775675358234	41.0	41.0	41.0	37.0	41.0
29	39.84525861096855	41.0	41.0	41.0	37.0	41.0
30	39.834325838931896	41.0	41.0	41.0	37.0	41.0
31	39.82355049305712	41.0	41.0	41.0	37.0	41.0
32	39.818663653569	41.0	41.0	41.0	37.0	41.0
33	39.799227847916065	41.0	41.0	41.0	37.0	41.0
34	39.80053171646089	41.0	41.0	41.0	37.0	41.0
35	39.793645180750694	41.0	41.0	41.0	37.0	41.0
36	39.77826571579918	41.0	41.0	41.0	37.0	41.0
37	39.775263705998576	41.0	41.0	41.0	37.0	41.0
38	39.7460778251893	41.0	41.0	41.0	37.0	41.0
39	39.75023076371534	41.0	41.0	41.0	37.0	41.0
40	39.717157851111466	41.0	41.0	41.0	37.0	41.0
41	39.71769483801434	41.0	41.0	41.0	37.0	41.0
42	39.70953830362418	41.0	41.0	41.0	37.0	41.0
43	39.70549093560773	41.0	41.0	41.0	37.0	41.0
44	39.679698669755	41.0	41.0	41.0	37.0	41.0
45	39.635211814778884	41.0	41.0	41.0	37.0	41.0
46	39.644310804430305	41.0	41.0	41.0	37.0	41.0
47	39.62158727767041	41.0	41.0	41.0	37.0	41.0
48	39.637143043756225	41.0	41.0	41.0	37.0	41.0
49	39.610535799436725	41.0	41.0	41.0	37.0	41.0
50	39.61850326076264	41.0	41.0	41.0	37.0	41.0
51	39.40420733239732	41.0	41.0	41.0	37.0	41.0
>>END_MODULE
>>Per sequence quality scores	pass
#Quality	Count
13	2.0
14	2.0
15	1.0
16	5.0
17	6.0
18	16.0
19	35.0
20	125.0
21	290.0
22	738.0
23	2013.0
24	5001.0
25	11100.0
26	21766.0
27	39511.0
28	65638.0
29	101547.0
30	147173.0
31	202963.0
32	267642.0
33	343747.0
34	432467.0
35	542816.0
36	690878.0
37	913565.0
38	1353200.0
39	2979628.0
40	1.6619883E7
>>END_MODULE
>>Per base sequence content	warn
#Base	G	A	T	C
1	41.37604940912142	23.198734774818742	10.53454160389085	24.890674212168985
2	17.432763353092188	23.960748171980324	37.30071283944945	21.30577563547804
3	19.55867026715205	24.10772143728824	30.004278836919486	26.329329458640228
4	14.771796015508054	17.761373459666753	36.20197606278366	31.26485446204153
5	15.102023065620479	35.49381575876702	34.60106593880678	14.803095236805728
6	31.425661022147256	35.151196612625505	18.63449638461422	14.788645980613019
7	27.51165458816629	30.337504715711795	23.351315617912032	18.799525078209882
8	23.208969225226436	34.80846833923442	24.2007055440442	17.781856891494936
9	22.53625227439376	18.222391472748217	26.845153848808966	32.396202404049056
10	17.110149809166128	27.198681803177692	33.40191531883631	22.28925306881987
11	31.37603237409403	26.02012354983021	23.13321066352682	19.47063341254894
12	18.3610841234483	27.619617813738216	32.700982686840604	21.31831537597288
13	27.90403980186048	22.61068110034865	25.76671390933498	23.71856518845589
14	20.296516520774315	23.363440867863957	26.47737885076719	29.862663760594536
15	23.169970379631067	29.343335263403674	23.52010313899279	23.966591217972464
16	22.75165201749962	28.446845280529132	25.811215830073163	22.990286871898086
17	22.844775217670467	27.54130890779871	26.937265330943745	22.676650543587083
18	22.56238622979014	27.495916013728696	27.8152829722124	22.126414784268768
19	23.65820165244523	26.63574269863928	26.711707389588078	22.99434825932741
20	23.166452019483476	27.22448420007036	26.905710498882517	22.703353281563647
21	23.43934897431298	26.63182624290481	26.341519466805874	23.587305315976334
22	23.27880075343548	27.255431045064544	26.5648855949136	22.90088260658637
23	23.672283109389397	26.882087360162522	26.063414733908562	23.382214796539518
24	23.10835794287536	27.101429090042835	26.81222975343951	22.977983213642297
25	23.532349641444235	26.632206167403304	26.50715442289913	23.32828976825333
26	22.689305060225227	27.123496248791408	27.129061768211997	23.058136922771368
27	23.082286048307825	26.900388373459844	26.83686192692361	23.18046365130872
28	22.68411215648301	27.015644364407	27.159862116479783	23.140381362630205
29	23.238017917158153	26.838801719566675	26.878833377882565	23.044346985392608
30	22.848403425469208	26.903012401724695	27.084535755800328	23.16404841700577
31	23.4603609893813	26.538925640795053	26.667934430602553	23.332778939221093
32	22.769685385305717	26.966157939638563	27.111345694299143	23.15281098075658
33	22.727780151185872	26.683946514653584	27.202386413561218	23.385886920599326
34	22.651362765256074	26.85658638887012	27.351422001158205	23.140628844715604
35	22.719296249535752	26.740091757584434	27.378969833555345	23.161642159324476
36	22.19248706518648	26.87291071822065	27.730323587379974	23.204278629212897
37	22.28993018084108	26.413924868215023	27.72409104541196	23.572053905531938
38	22.035136671893525	26.57676730590179	28.206255867685005	23.18184015451968
39	22.326834845513794	26.101663923934904	28.253940423630404	23.317560806920902
40	22.177013452318143	25.931532431931476	28.643453710928707	23.248000404821678
41	22.16774832823863	25.57104864055727	28.651671292524178	23.60953173867992
42	21.55093913087481	25.69222187022997	28.876456619442493	23.880382379452737
43	21.50224694191781	25.069121983977873	29.157604428689478	24.271026645414842
44	20.857048937901038	24.944380160054994	29.74705254760794	24.451518354436033
45	20.72185943899989	24.61921638338966	30.39138472949884	24.267539448111616
46	20.53698851957084	24.52855209399429	30.901951267973764	24.032508118461106
47	20.174851762756713	24.770224492536062	31.224240411695884	23.83068333301134
48	19.390646687795336	25.005830229064745	31.36265932490272	24.240863758237193
49	19.36178273086781	25.223941326113547	30.9732739187791	24.441002024239545
50	18.829369411418163	25.937328907560346	30.8934674041949	24.33983427682659
51	18.81351357490442	26.118382533690614	30.666959882155503	24.401144009249464
>>END_MODULE
>>Per sequence GC content	pass
#GC Content	Count
0	480.0
1	660.0
2	840.0
3	1284.5
4	1729.0
5	2322.0
6	2915.0
7	3948.5
8	4982.0
9	6922.0
10	8862.0
11	12376.5
12	15891.0
13	21923.5
14	27956.0
15	37645.0
16	47334.0
17	63142.5
18	78951.0
19	102643.5
20	126336.0
21	158659.5
22	190983.0
23	232825.5
24	274668.0
25	332692.5
26	459865.0
27	529013.0
28	609364.5
29	689716.0
30	786413.0
31	883110.0
32	985878.0
33	1088646.0
34	1187609.5
35	1286573.0
36	1343068.0
37	1399563.0
38	1428446.0
39	1457329.0
40	1464258.5
41	1471188.0
42	1485097.0
43	1499006.0
44	1503359.0
45	1507712.0
46	1502025.0
47	1496338.0
48	1479425.5
49	1462513.0
50	1419892.5
51	1377272.0
52	1316759.5
53	1256247.0
54	1188874.5
55	1121502.0
56	1053096.0
57	984690.0
58	914952.5
59	845215.0
60	778074.0
61	710933.0
62	647011.5
63	583090.0
64	532444.0
65	481798.0
66	431927.5
67	382057.0
68	338779.5
69	295502.0
70	259949.0
71	224396.0
72	197253.5
73	170111.0
74	147379.0
75	106432.5
76	88218.0
77	73610.5
78	59003.0
79	49056.0
80	39109.0
81	31261.5
82	23414.0
83	18714.5
84	14015.0
85	11078.5
86	8142.0
87	6289.0
88	4436.0
89	3349.5
90	2263.0
91	1673.5
92	1084.0
93	827.0
94	570.0
95	454.5
96	339.0
97	259.5
98	180.0
99	177.0
100	174.0
>>END_MODULE
>>Per base N content	pass
#Base	N-Count
1	0.1862236305116233
2	0.01474834569152281
3	0.005618032477724502
4	1.3741949945513167E-4
5	0.0
6	0.0
7	0.0
8	0.0
9	0.0
10	3.2738174870193136E-4
11	0.0
12	0.0
13	0.0
14	0.0
15	0.0
16	7.760159969230965E-4
17	0.0
18	0.0
19	0.0
20	0.0015439484938782441
21	0.0
22	6.345547474839904E-4
23	0.0
24	0.0
25	0.0
26	5.335109978846288E-4
27	0.0035607817358815
28	2.0208749919872308E-5
29	0.005411903228541804
30	1.5358649939102952E-4
31	1.333777494711572E-4
32	8.083499967948922E-6
33	1.1316899955128492E-4
34	2.4250499903846766E-5
35	0.0010548967458173344
36	8.083499967948922E-6
37	0.002821141488814174
38	0.0012691094949679807
39	8.083499967948922E-6
40	0.0
41	1.5762824937500398E-4
42	2.10170999166672E-4
43	0.0014267377443429848
44	5.537197478045012E-4
45	6.466799974359137E-5
46	0.0
47	0.0
48	8.083499967948923E-5
49	4.890517480609098E-4
50	6.466799974359137E-5
51	0.0
>>END_MODULE
>>Sequence Length Distribution	pass
#Length	Count
51	2.4741758E7
>>END_MODULE
>>Sequence Duplication Levels	fail
#Total Deduplicated Percentage	27.381882737737218
#Duplication Level	Percentage of total
1	7.883548411737958
2	8.051871643448836
3	11.682896477346205
4	13.427389797173769
5	13.07513797477926
6	11.332891114793256
7	9.168210715877311
8	6.852729753481637
9	5.018179952736393
>10	11.99935977268365
>50	0.3926794515008209
>100	0.46657984966333904
>500	0.2083902705212777
>1k	0.41739025334195407
>5k	0.022744560914099328
>10k+	0.0
>>END_MODULE
>>Overrepresented sequences	pass
>>END_MODULE
>>Adapter Content	warn
#Position	Illumina Universal Adapter	Illumina Small RNA 3' Adapter	Illumina Small RNA 5' Adapter	Nextera Transposase Sequence	PolyA	PolyG
1	4.041749983974461E-6	0.0	0.0	7.27514997115403E-5	0.0014065289944231126	6.305129975000159E-4
2	4.041749983974461E-6	0.0	0.0	1.0104374959936153E-4	0.0020249167419712053	7.032644972115563E-4
3	4.041749983974461E-6	0.0	0.0	1.4954474940705506E-4	0.002425049990384677	0.001042771495865411
4	4.041749983974461E-6	0.0	0.0	1.859204992628252E-4	0.0032980679869231604	0.0014671552441827295
5	4.041749983974461E-6	4.041749983974461E-6	0.0	1.980457492147486E-4	0.005727159727291812	0.0023603819906410856
6	4.041749983974461E-6	4.041749983974461E-6	0.0	1.980457492147486E-4	0.007432778220529034	0.00326169223706739
7	4.041749983974461E-6	4.041749983974461E-6	0.0	2.2229624911859538E-4	0.00893226746458356	0.003637574985577015
8	4.041749983974461E-6	4.041749983974461E-6	0.0	2.505884990064166E-4	0.010298378959166927	0.004057916983910359
9	4.041749983974461E-6	4.041749983974461E-6	6.062624975961692E-5	4.64801248157063E-4	0.011543237954231062	0.004627803731650758
10	4.041749983974461E-6	4.041749983974461E-6	6.062624975961692E-5	7.517654970192498E-4	0.015196979939743975	0.005444237228413599
11	3.233399987179569E-5	4.041749983974461E-6	6.062624975961692E-5	8.083499967948923E-4	0.01868096842592996	0.006725471973333503
12	4.0417499839744616E-5	4.041749983974461E-6	6.062624975961692E-5	8.447257466506625E-4	0.02226600066171531	0.007448945220464932
13	4.0417499839744616E-5	4.041749983974461E-6	6.062624975961692E-5	9.134354963782282E-4	0.02648154589500067	0.008952476214503432
14	4.850099980769354E-5	4.041749983974461E-6	6.062624975961692E-5	9.578947462019473E-4	0.030624339628574495	0.009813368961089992
15	4.850099980769354E-5	4.041749983974461E-6	6.062624975961692E-5	0.0010185209959615643	0.03606049335702014	0.011256273705368875
16	4.850099980769354E-5	4.041749983974461E-6	6.062624975961692E-5	0.0011721074953525937	0.04043770858966449	0.012808305699215069
17	4.850099980769354E-5	4.041749983974461E-6	6.062624975961692E-5	0.0014146124943910615	0.04451987607347869	0.01403295594435933
18	6.062624975961692E-5	4.041749983974461E-6	6.062624975961692E-5	0.0018874972425160733	0.04925680705469676	0.015124228440032434
19	6.062624975961692E-5	4.041749983974461E-6	6.062624975961692E-5	0.002384632490544932	0.05331472403860712	0.016664135183926704
20	6.466799974359137E-5	4.041749983974461E-6	6.062624975961692E-5	0.0039972907341507425	0.05698059127407196	0.01777561642951968
21	8.083499967948923E-5	4.041749983974461E-6	6.062624975961692E-5	0.005040062230016153	0.06104255000796629	0.019145769674087022
22	8.487674966346369E-5	4.041749983974461E-6	6.062624975961692E-5	0.010144792459775898	0.0645224967441683	0.020245125669728078
23	8.487674966346369E-5	4.041749983974461E-6	6.062624975961692E-5	0.011660448703766322	0.06834599222900814	0.021457650664920416
24	8.487674966346369E-5	4.041749983974461E-6	6.062624975961692E-5	0.019877326421186402	0.07263024721202108	0.022544881410609546
25	1.1316899955128492E-4	2.0208749919872308E-5	6.062624975961692E-5	0.02227812591166723	0.07666391369602758	0.023595736406442906
26	1.1316899955128492E-4	2.0208749919872308E-5	6.062624975961692E-5	0.0365899626049208	0.08017215268211741	0.02455363115264485
27	1.1721074953525938E-4	2.0208749919872308E-5	6.062624975961692E-5	0.1339840119687534	0.0843351551656111	0.02562873664838206
28	1.1721074953525938E-4	2.0208749919872308E-5	6.062624975961692E-5	0.2830962941275232	0.08698654315509835	0.026756384893910932
29	1.1721074953525938E-4	2.0208749919872308E-5	6.062624975961692E-5	0.4575382234358609	0.09053115789104396	0.02783957388961609
30	1.1721074953525938E-4	2.0208749919872308E-5	6.062624975961692E-5	0.6284193710083172	0.09329975663006647	0.028914679385353297
31	1.1721074953525938E-4	2.0208749919872308E-5	6.062624975961692E-5	0.7789260569115581	0.09625831761833577	0.029900866381443066
32	1.2125249951923383E-4	2.0208749919872308E-5	6.062624975961692E-5	0.957005561205473	0.09925325435646085	0.030680924128350134
33	1.2125249951923383E-4	2.0208749919872308E-5	6.062624975961692E-5	1.1919726965238282	0.10192080934588399	0.03177623837400721
34	1.2125249951923383E-4	4.4459249823719074E-5	6.062624975961692E-5	1.4883420975987236	0.10547350758179755	0.03254417087096236
35	1.2125249951923383E-4	4.4459249823719074E-5	6.062624975961692E-5	1.8635983748608325	0.10850886181976237	0.03354248311700406
36	1.252942495032083E-4	4.4459249823719074E-5	6.062624975961692E-5	2.4779969151747423	0.11145125580809577	0.03455292061299767
37	1.252942495032083E-4	4.4459249823719074E-5	6.062624975961692E-5	3.3319338100388824	0.11382376304868878	0.035401688109632304
38	1.252942495032083E-4	4.4459249823719074E-5	6.062624975961692E-5	4.364532221194629	0.11680657453686193	0.036181745856539375
39	1.252942495032083E-4	4.4459249823719074E-5	6.062624975961692E-5	5.519914955113538	0.11932054302689404	0.036982012353366324
40	1.252942495032083E-4	4.4459249823719074E-5	6.062624975961692E-5	6.790665400575012	0.12194363876649347	0.037846946849936856
>>END_MODULE
