##FastQC	0.12.1
>>Basic Statistics	pass
#Measure	Value
Filename	SRR11256137.fastq.gz
File type	Conventional base calls
Encoding	Sanger / Illumina 1.9
Total Sequences	46047718
Total Bases	2.3 Gbp
Sequences flagged as poor quality	0
Sequence length	51
%GC	44
>>END_MODULE
>>Per base sequence quality	pass
#Base	Mean	Median	Lower Quartile	Upper Quartile	10th Percentile	90th Percentile
1	31.659260573998477	32.0	32.0	32.0	32.0	32.0
2	31.6264821635678	32.0	32.0	32.0	32.0	32.0
3	35.72544035732672	37.0	37.0	37.0	32.0	37.0
4	36.239767277935464	37.0	37.0	37.0	37.0	37.0
5	36.44549271692465	37.0	37.0	37.0	37.0	37.0
6	40.06035404403754	41.0	41.0	41.0	37.0	41.0
7	40.125484329104	41.0	41.0	41.0	37.0	41.0
8	40.198385140388496	41.0	41.0	41.0	37.0	41.0
9	40.23913389149925	41.0	41.0	41.0	41.0	41.0
10	40.121822106363666	41.0	41.0	41.0	37.0	41.0
11	40.17984419987979	41.0	41.0	41.0	37.0	41.0
12	40.14863954821822	41.0	41.0	41.0	37.0	41.0
13	40.186674809813596	41.0	41.0	41.0	37.0	41.0
14	40.178927324911086	41.0	41.0	41.0	37.0	41.0
15	40.19493467624172	41.0	41.0	41.0	37.0	41.0
16	40.17015116796885	41.0	41.0	41.0	37.0	41.0
17	40.11520071418089	41.0	41.0	41.0	37.0	41.0
18	40.103661684168586	41.0	41.0	41.0	37.0	41.0
19	40.121629132631504	41.0	41.0	41.0	37.0	41.0
20	40.12052959931695	41.0	41.0	41.0	37.0	41.0
21	40.122489088384356	41.0	41.0	41.0	37.0	41.0
22	40.10313436162026	41.0	41.0	41.0	37.0	41.0
23	40.10474269322098	41.0	41.0	41.0	37.0	41.0
24	40.094541492805355	41.0	41.0	41.0	37.0	41.0
25	40.09258430569784	41.0	41.0	41.0	37.0	41.0
26	40.02414929660575	41.0	41.0	41.0	37.0	41.0
27	39.95280039718798	41.0	41.0	41.0	37.0	41.0
28	39.95888204492566	41.0	41.0	41.0	37.0	41.0
29	39.96252887059463	41.0	41.0	41.0	37.0	41.0
30	39.97523697048353	41.0	41.0	41.0	37.0	41.0
31	39.97114981897691	41.0	41.0	41.0	37.0	41.0
32	39.88932474351932	41.0	41.0	41.0	37.0	41.0
33	39.90286020254033	41.0	41.0	41.0	37.0	41.0
34	39.90692785253766	41.0	41.0	41.0	37.0	41.0
35	39.90752043347729	41.0	41.0	41.0	37.0	41.0
36	39.903443966539236	41.0	41.0	41.0	37.0	41.0
37	39.877626574241965	41.0	41.0	41.0	37.0	41.0
38	39.84965461263466	41.0	41.0	41.0	37.0	41.0
39	39.812434852906286	41.0	41.0	41.0	37.0	41.0
40	39.806134953310824	41.0	41.0	41.0	37.0	41.0
41	39.81234998442268	41.0	41.0	41.0	37.0	41.0
42	39.79733608080209	41.0	41.0	41.0	37.0	41.0
43	39.77227659794129	41.0	41.0	41.0	37.0	41.0
44	39.70951055598456	41.0	41.0	41.0	37.0	41.0
45	39.66999037824198	41.0	41.0	41.0	37.0	41.0
46	39.689367690272945	41.0	41.0	41.0	37.0	41.0
47	39.67771588594249	41.0	41.0	41.0	37.0	41.0
48	39.651807761678874	41.0	41.0	41.0	37.0	41.0
49	39.64493484780288	41.0	41.0	41.0	37.0	41.0
50	39.6378255269892	41.0	41.0	41.0	37.0	41.0
51	39.33071378260265	41.0	41.0	41.0	37.0	41.0
>>END_MODULE
>>Per sequence quality scores	pass
#Quality	Count
13	1.0
14	3.0
15	4.0
16	9.0
17	9.0
18	43.0
19	109.0
20	256.0
21	644.0
22	1666.0
23	4121.0
24	9416.0
25	19858.0
26	37878.0
27	66250.0
28	107604.0
29	162835.0
30	230724.0
31	316159.0
32	416887.0
33	538166.0
34	686312.0
35	869929.0
36	1131496.0
37	1557617.0
38	2489107.0
39	6362233.0
40	3.1038382E7
>>END_MODULE
>>Per base sequence content	warn
#Base	G	A	T	C
1	41.97599508877046	20.88375159433223	10.76727651218131	26.372976804716004
2	17.313640274481145	21.19533631794277	36.9548882123183	24.53613519525778
3	19.759069881196478	22.826961923339116	29.268200943504052	28.14576725196035
4	13.763557758642428	16.99506596876797	36.7308412105256	32.51053506206401
5	14.358120851938851	35.71270784797631	35.27120714212157	14.657964157963269
6	32.14443330286205	36.0800550420327	17.617722120344812	14.157789534760443
7	28.4446516980494	30.079032363775333	21.941282736312793	19.53503320186247
8	24.58629111653264	35.628972971038436	21.364181391138644	18.420554521290285
9	24.05449411038091	15.988433259579853	23.12704184338166	36.830030786657574
10	16.145665294645713	28.100998428873563	34.24905351055459	21.504282765926135
11	33.68470941383024	23.93429138008533	22.37813826083629	20.002860945248145
12	20.348506738162357	26.65011108693812	31.137412716087255	21.863969458812267
13	28.91495730581046	21.446341814376122	25.240931591876066	24.39776928793735
14	19.99629384457228	22.895521120069404	27.219385768476084	29.888799266882238
15	22.8341326273758	30.601722760723995	22.938928265674317	23.625216346225887
16	22.06812506973744	28.930945068765407	26.907144453933636	22.09378540756352
17	21.766653018505718	28.712410895150114	27.64102012612221	21.87991596022196
18	21.54085246960555	28.455711963837167	28.657695914485927	21.34573965207136
19	22.512442418970686	27.645369961655863	27.651669948117735	22.19051767125572
20	22.02827023684661	28.193422939207043	28.205666777660387	21.572640046285965
21	22.184489101345168	27.671664626809257	27.270135638337095	22.87371063350848
22	21.991196139709878	28.5746702787585	27.706572827513348	21.72756075401827
23	22.2166840059262	28.10898034078475	27.32812297017628	22.346212683112764
24	22.04358689681394	28.123440312913743	28.128654789142416	21.704318001129895
25	22.35851948189919	27.841774917054522	27.643341630957696	22.156363970088595
26	21.616333864397472	28.224507607375433	28.215968071692487	21.943190456534612
27	21.940750679545076	28.21173027510288	27.431724195322776	22.415794850029265
28	21.350498366979025	28.12261160757875	27.96634415198372	22.56054587345851
29	22.013498497689255	27.890709138940995	27.6870679538272	22.408724409542554
30	21.57560980779746	27.980333480264157	28.062436941223446	22.381619770714945
31	22.44755865881509	27.346991072723814	28.026869563782203	22.178580704678893
32	21.558961465757616	28.260551652691728	28.133088086024248	22.04739879552641
33	21.660762637390658	27.91583889828462	28.2246002240597	22.19879824026503
34	21.74590235760688	27.942357906573744	28.611154213296203	21.700585522523173
35	21.83677408072008	27.915896514177614	28.063447860880085	22.18388154422222
36	21.440325234940634	28.069488469749093	28.474005985576216	22.016180309734057
37	21.573460859025285	27.38818769430878	28.20578751513595	22.832563931529986
38	21.302417201217224	27.9416669464489	28.540986547911018	22.21492930442286
39	21.77244754751195	27.316726975604062	28.366244730319966	22.54458074656402
40	21.797676767948786	26.99987369017625	29.102415375675733	22.10003416619923
41	21.752744007351	26.65348036728255	28.908299771406202	22.685475853960245
42	21.23979101870898	26.94550832620538	29.236799850902003	22.57790080418364
43	21.035173826031638	26.562860699293033	29.585454267797832	22.816511206877493
44	20.62066338703838	26.710911089738065	29.69803515727988	22.97039036594368
45	20.646836547384925	26.592944744458208	29.724926880354346	23.03529182780252
46	20.330439265957892	26.321951439870368	30.129641216581167	23.21796807759057
47	20.5328155458214	26.47934040944222	30.126337639576406	22.86150640515997
48	19.905431578607217	26.835866220341252	30.065720086280933	23.192982114770594
49	20.466124244069622	26.657458746520398	29.83882368023799	23.03759332917199
50	19.729388109960194	27.36858751610666	29.80733377493321	23.094690598999932
51	19.743823715191127	27.32002746892752	29.50283299917959	23.433315816701764
>>END_MODULE
>>Per sequence GC content	pass
#GC Content	Count
0	263.0
1	327.5
2	392.0
3	614.0
4	836.0
5	1343.5
6	1851.0
7	2895.0
8	3939.0
9	5718.5
10	7498.0
11	10986.5
12	14475.0
13	21123.5
14	27772.0
15	39497.5
16	51223.0
17	76117.5
18	101012.0
19	133646.5
20	166281.0
21	216901.5
22	267522.0
23	328211.5
24	388901.0
25	486813.5
26	740394.5
27	896063.0
28	1067240.5
29	1238418.0
30	1421861.0
31	1605304.0
32	1846827.0
33	2088350.0
34	2340472.0
35	2592594.0
36	2758863.5
37	2925133.0
38	3015079.5
39	3105026.0
40	3152563.5
41	3200101.0
42	3210815.0
43	3221529.0
44	3212079.5
45	3202630.0
46	3194255.5
47	3185881.0
48	3112301.0
49	3038721.0
50	2923401.5
51	2808082.0
52	2625671.0
53	2443260.0
54	2247688.5
55	2052117.0
56	1825546.5
57	1598976.0
58	1418261.5
59	1237547.0
60	1088675.0
61	939803.0
62	818901.0
63	697999.0
64	610348.5
65	522698.0
66	457981.5
67	393265.0
68	347548.5
69	301832.0
70	270491.0
71	239150.0
72	218765.5
73	198381.0
74	183481.5
75	154056.0
76	139530.0
77	125846.0
78	112162.0
79	100855.5
80	89549.0
81	78186.5
82	66824.0
83	58383.5
84	49943.0
85	41226.5
86	32510.0
87	25851.0
88	19192.0
89	14548.0
90	9904.0
91	7504.0
92	5104.0
93	3756.5
94	2409.0
95	1823.0
96	1237.0
97	994.0
98	751.0
99	610.5
100	470.0
>>END_MODULE
>>Per base N content	pass
#Base	N-Count
1	0.1622425675904287
2	0.07018154515279129
3	1.9544942487703734E-5
4	0.01403109704589487
5	0.0
6	0.0
7	0.0
8	0.0
9	3.75697227819194E-4
10	0.003852525330354047
11	0.0
12	0.0
13	0.0
14	0.0
15	0.0
16	0.0
17	0.0
18	0.0
19	0.0
20	1.4550123851957223E-4
21	0.009700806454730286
22	0.01077360663127758
23	0.0
24	0.006134940280862561
25	0.0
26	0.0066452804458192695
27	0.0
28	0.02445506637267019
29	0.031052570292408408
30	0.007327181772612489
31	1.6938950156009902E-4
32	1.085830138205763E-4
33	0.008119837773502695
34	0.0017655598047225708
35	4.126154525181899E-5
36	4.5604865804642044E-5
37	0.010906077908138684
38	0.0
39	2.0196440570627192E-4
40	0.0047993692108694724
41	0.009716008076665167
42	3.2792070173814046E-4
43	2.605992331693831E-5
44	0.011520657766363145
45	0.006469375963429936
46	0.006402054494861179
47	0.0
48	0.0
49	0.007164307251881625
50	0.0
51	1.1292633437339935E-4
>>END_MODULE
>>Sequence Length Distribution	pass
#Length	Count
51	4.6047718E7
>>END_MODULE
>>Sequence Duplication Levels	fail
#Total Deduplicated Percentage	24.346107000097085
#Duplication Level	Percentage of total
1	5.7634784341112
2	8.319242837690997
3	12.429588429238235
4	13.873540926521994
5	12.517091262701527
6	10.033307000576484
7	7.254603029599749
8	4.856730538602181
9	3.1373057223343865
>10	8.145085353180532
>50	1.4784911709287423
>100	5.759070064809722
>500	3.1885674631756045
>1k	2.755720108753505
>5k	0.1074647486811627
>10k+	0.3807129090938247
>>END_MODULE
>>Overrepresented sequences	pass
>>END_MODULE
>>Adapter Content	pass
#Position	Illumina Universal Adapter	Illumina Small RNA 3' Adapter	Illumina Small RNA 5' Adapter	Nextera Transposase Sequence	PolyA	PolyG
1	4.126154525181899E-5	0.0	0.0	0.02680045947119464	3.7786888809560553E-4	8.447758475240837E-4
2	6.080648773952273E-5	0.0	0.0	0.027104491909892257	4.3216039500589367E-4	9.511872010682484E-4
3	6.080648773952273E-5	0.0	0.0	0.02711100689072149	4.777652608105357E-4	0.0012704212617007428
4	6.080648773952273E-5	0.0	0.0	0.027445442573288865	6.167515185008733E-4	0.0019088893829657314
5	7.166478912158036E-5	0.0	0.0	0.02758225717070279	9.859337654908329E-4	0.0030446677075289595
6	8.035143022722646E-5	0.0	0.0	0.027601802113190497	0.0013638026535864383	0.0041913043334742455
7	8.035143022722646E-5	0.0	0.0	0.027643063658442314	0.0017004099964302247	0.004712502799813011
8	8.035143022722646E-5	0.0	0.0	0.027673466902312076	0.002176003596964349	0.0051707231181358435
9	9.338139188569561E-5	0.0	0.0	0.027968812699904044	0.002408371246540382	0.005932975875156289
10	9.338139188569561E-5	0.0	0.0	0.028346681587999648	0.0034789997628112647	0.006849416511801953
11	1.1509799464981088E-4	0.0	0.0	0.028652885686973675	0.004673412914837604	0.008369578705290022
12	1.1509799464981088E-4	0.0	0.0	0.02897429140788258	0.006373822911267829	0.00890815045384008
13	1.1509799464981088E-4	0.0	0.0	0.029228375660222728	0.008484676699939832	0.010187258356646469
14	1.1509799464981088E-4	1.5201621934880682E-5	0.0	0.029782149030707666	0.011496769503322618	0.011075467409698782
15	1.1509799464981088E-4	1.9544942487703734E-5	0.0	0.03008835312968169	0.014812894745403019	0.012224275695920479
16	1.1509799464981088E-4	1.9544942487703734E-5	0.0	0.030505311902752706	0.01793139890232997	0.013310105834126243
17	1.1509799464981088E-4	1.9544942487703734E-5	0.0	0.03088318079084831	0.020839252012445002	0.014259121374918079
18	1.172696549262224E-4	1.9544942487703734E-5	0.0	0.03539589084523146	0.023875233078868317	0.015251570121238147
19	1.1944131520263393E-4	1.9544942487703734E-5	0.0	0.04219753083095236	0.026672331514886363	0.016372146823866493
20	1.2161297547904545E-4	1.9544942487703734E-5	0.0	0.04703598992679724	0.028941716503736406	0.017312475723552684
21	1.2161297547904545E-4	2.8231583593349838E-5	0.0	0.04902957406054302	0.03168018011229134	0.018491687253644144
22	1.2161297547904545E-4	2.8231583593349838E-5	0.0	0.05738177948362175	0.03499413369409533	0.019592719013784787
23	1.2161297547904545E-4	2.8231583593349838E-5	0.0	0.06014847467577004	0.03797147993305553	0.020543906214853035
24	1.2161297547904545E-4	2.8231583593349838E-5	0.0	0.06657007411311892	0.04199339476496968	0.021482063454262814
25	1.2161297547904545E-4	2.8231583593349838E-5	0.0	0.07054638407922842	0.045077152357474046	0.022567893592468576
26	1.2812795630828003E-4	2.8231583593349838E-5	0.0	0.08571325944968652	0.048834124635665985	0.02351256581270759
27	1.2812795630828003E-4	3.474656442258442E-5	0.0	0.19629854404511424	0.05206989844751916	0.02445940969322302
28	1.2812795630828003E-4	3.474656442258442E-5	0.0	0.34046855481524624	0.054769272171098685	0.025338932105169684
29	1.4984455907239528E-4	4.5604865804642044E-5	0.0	0.46861388440573754	0.05837639989021823	0.02619890957462865
30	1.5201621934880682E-4	4.5604865804642044E-5	0.0	0.5936059632748794	0.061364604430560486	0.027117521871550726
31	1.5418787962521833E-4	4.5604865804642044E-5	0.0	0.6831804346960255	0.06434846565034992	0.02802093254653792
32	1.5418787962521833E-4	4.5604865804642044E-5	0.0	0.776370720477397	0.06770585243768215	0.029028582914792867
33	1.5635953990162987E-4	4.5604865804642044E-5	0.0	0.8788144506965578	0.0712022254827047	0.029875530422593364
34	1.5635953990162987E-4	4.5604865804642044E-5	0.0	1.0333324226837908	0.0755716059588447	0.030759396155092853
35	1.5635953990162987E-4	4.5604865804642044E-5	0.0	1.2492649472879416	0.07917004703685859	0.031406550917463485
36	1.759044823893336E-4	4.5604865804642044E-5	0.0	1.6501382326915743	0.08209310176890851	0.03221440854028858
37	1.7807614266574512E-4	4.9948186357465094E-5	0.0	2.2587025919503763	0.084560107842912	0.03317428238246247
38	1.9979274542986038E-4	4.9948186357465094E-5	0.0	2.980840440344948	0.08730291477201975	0.03406900641634402
39	1.9979274542986038E-4	4.9948186357465094E-5	0.0	3.7611483809034794	0.09055389020580781	0.03496155878994916
40	2.0196440570627192E-4	5.429150691028815E-5	0.0	4.5831217955252415	0.09367239436273476	0.035869312785489174
>>END_MODULE
