##FastQC	0.12.1
>>Basic Statistics	pass
#Measure	Value
Filename	SRR11256210.fastq.gz
File type	Conventional base calls
Encoding	Sanger / Illumina 1.9
Total Sequences	44995426
Total Bases	2.7 Gbp
Sequences flagged as poor quality	0
Sequence length	61
%GC	45
>>END_MODULE
>>Per base sequence quality	pass
#Base	Mean	Median	Lower Quartile	Upper Quartile	10th Percentile	90th Percentile
1	31.27337458700802	32.0	32.0	32.0	32.0	32.0
2	31.710656145360197	32.0	32.0	32.0	32.0	32.0
3	35.87319022160163	37.0	37.0	37.0	32.0	37.0
4	36.33203846097601	37.0	37.0	37.0	37.0	37.0
5	36.52953791347591	37.0	37.0	37.0	37.0	37.0
6	40.206311548200475	41.0	41.0	41.0	37.0	41.0
7	40.28846216502095	41.0	41.0	41.0	41.0	41.0
8	40.3286880093101	41.0	41.0	41.0	41.0	41.0
9	40.34544140108819	41.0	41.0	41.0	41.0	41.0
10	40.32134219598232	41.0	41.0	41.0	41.0	41.0
11	40.3329409304848	41.0	41.0	41.0	41.0	41.0
12	40.31423660707202	41.0	41.0	41.0	41.0	41.0
13	40.310408351284416	41.0	41.0	41.0	41.0	41.0
14	40.31656466592849	41.0	41.0	41.0	41.0	41.0
15	40.32805630065598	41.0	41.0	41.0	41.0	41.0
16	40.310990943835044	41.0	41.0	41.0	41.0	41.0
17	40.30857532052258	41.0	41.0	41.0	41.0	41.0
18	40.24637335359376	41.0	41.0	41.0	41.0	41.0
19	40.27890170436435	41.0	41.0	41.0	41.0	41.0
20	40.28125627702691	41.0	41.0	41.0	41.0	41.0
21	40.243509884760286	41.0	41.0	41.0	41.0	41.0
22	40.250858565046144	41.0	41.0	41.0	41.0	41.0
23	40.256377192650646	41.0	41.0	41.0	41.0	41.0
24	40.24004953303476	41.0	41.0	41.0	41.0	41.0
25	40.236487971021766	41.0	41.0	41.0	41.0	41.0
26	40.15369915599866	41.0	41.0	41.0	41.0	41.0
27	40.15810278138049	41.0	41.0	41.0	41.0	41.0
28	40.116035238781826	41.0	41.0	41.0	41.0	41.0
29	40.06501811984178	41.0	41.0	41.0	41.0	41.0
30	40.09956365342557	41.0	41.0	41.0	41.0	41.0
31	40.0533773810698	41.0	41.0	41.0	37.0	41.0
32	40.021347103147775	41.0	41.0	41.0	37.0	41.0
33	40.08406843397815	41.0	41.0	41.0	37.0	41.0
34	40.09648085118696	41.0	41.0	41.0	41.0	41.0
35	40.033800391177536	41.0	41.0	41.0	37.0	41.0
36	40.045049467917025	41.0	41.0	41.0	37.0	41.0
37	40.05823007431911	41.0	41.0	41.0	37.0	41.0
38	40.05121104976315	41.0	41.0	41.0	37.0	41.0
39	40.05314169044649	41.0	41.0	41.0	37.0	41.0
40	40.059554742297586	41.0	41.0	41.0	37.0	41.0
41	40.0397085917133	41.0	41.0	41.0	37.0	41.0
42	40.034822695089055	41.0	41.0	41.0	37.0	41.0
43	40.027491772163685	41.0	41.0	41.0	37.0	41.0
44	39.967475538513625	41.0	41.0	41.0	37.0	41.0
45	39.97595962309591	41.0	41.0	41.0	37.0	41.0
46	39.941132683130945	41.0	41.0	41.0	37.0	41.0
47	39.93905667211596	41.0	41.0	41.0	37.0	41.0
48	39.93673876984741	41.0	41.0	41.0	37.0	41.0
49	39.93476052432529	41.0	41.0	41.0	37.0	41.0
50	39.91856730059629	41.0	41.0	41.0	37.0	41.0
51	39.865604028285006	41.0	41.0	41.0	37.0	41.0
52	39.88228232354106	41.0	41.0	41.0	37.0	41.0
53	39.8857399416554	41.0	41.0	41.0	37.0	41.0
54	39.873939675557246	41.0	41.0	41.0	37.0	41.0
55	39.8603186243864	41.0	41.0	41.0	37.0	41.0
56	39.84304309064659	41.0	41.0	41.0	37.0	41.0
57	39.80543969069212	41.0	41.0	41.0	37.0	41.0
58	39.71772786416113	41.0	41.0	41.0	37.0	41.0
59	39.765943742815104	41.0	41.0	41.0	37.0	41.0
60	39.7153597567895	41.0	41.0	41.0	37.0	41.0
61	39.396700744649024	41.0	41.0	41.0	37.0	41.0
>>END_MODULE
>>Per sequence quality scores	pass
#Quality	Count
13	2.0
14	1.0
15	4.0
16	6.0
17	27.0
18	48.0
19	146.0
20	356.0
21	1027.0
22	2434.0
23	5785.0
24	11761.0
25	22569.0
26	39935.0
27	66606.0
28	103476.0
29	151601.0
30	210140.0
31	276755.0
32	354340.0
33	447818.0
34	561409.0
35	709936.0
36	917777.0
37	1258143.0
38	1968944.0
39	4877184.0
40	3.3007196E7
>>END_MODULE
>>Per base sequence content	warn
#Base	G	A	T	C
1	39.1050131644344	24.351915540176392	11.721004159800449	24.82206713558875
2	16.97958201592652	24.60850622986246	37.32618770084756	21.085724053363457
3	19.3124691259441	24.092616956040942	29.722209004793232	26.872704913221718
4	14.610547448552763	18.3102562082418	35.986807752939434	31.092388590266
5	14.948271906643837	35.5587918288909	34.54784931426532	14.94508695019995
6	30.838285651523776	35.00394462317125	19.21276842672853	14.945001298576438
7	27.530364975319937	30.344464346220434	23.435062043861972	18.69010863459766
8	22.51260605911365	35.29806785249683	24.512571566718805	17.676754521670716
9	22.5551572214591	18.607409132727486	26.679303072264542	32.158130573548874
10	16.488202600859918	28.356920101167617	34.308658395633366	20.846218902339096
11	30.577465609484182	25.58847776648413	24.020977260092486	19.8130793639392
12	17.870340865313732	27.90043147941304	33.10788967749744	21.121337977775788
13	27.06819021196877	22.889805496126026	26.16251544991197	23.879488841993233
14	19.951556853801094	23.6357179949802	26.89778512153658	29.51494002968213
15	23.08585887208345	29.207858145341685	23.644327691639248	24.061955290935618
16	22.76267369932224	28.43568366260162	25.933673791642732	22.867968846433413
17	22.868908941988902	27.5459710060307	26.616743221855483	22.96837683012491
18	22.60375754637816	27.52325314133041	27.495234737859796	22.377754574431634
19	23.817512028889336	26.58902929377755	26.430722091618826	23.162736585714292
20	23.367306267974882	27.06245963756405	26.78610043607544	22.784133658385635
21	23.760286212202992	26.4150182731907	25.92708423296181	23.897611281644494
22	23.291994168473927	27.14754161900812	26.40283925748364	23.15762495503432
23	23.71714404926403	26.640376735181924	25.82365816472101	23.818821050833034
24	23.067611361208137	27.115253892695673	26.599748161068636	23.21738658502755
25	23.56486857130767	26.73327062177387	26.283816048324553	23.418044758593908
26	22.799036704434407	27.181552338273008	27.004043262286366	23.01536769500622
27	23.258342121091104	26.866618538742248	26.565403042326963	23.30963629783968
28	22.744791881734823	27.119303193173455	26.93560007632776	23.20030484876396
29	23.420577232206277	26.854463096848225	26.44508741176991	23.279872259175583
30	23.121145691564294	27.063701986064093	26.68589025026677	23.12926207210484
31	23.714502740120253	26.68512744272625	26.157455161148285	23.442914656005208
32	23.05902876611118	27.160718797062867	26.54092943245598	23.239323004369968
33	23.162781913211628	26.81693355483411	26.476514792484373	23.543769739469887
34	22.894060888442315	27.11885691079144	26.790659906618448	23.1964222941478
35	23.0863265968412	26.95503316270414	26.589793815931422	23.36884642452324
36	22.527860943021185	27.113331475070378	27.177589117613866	23.18121846429457
37	22.755674000125495	26.686849898780434	27.030596543160286	23.526879557933782
38	22.41990945104169	26.914353918828194	27.484029085627764	23.18170754450236
39	23.01031369426281	26.515609055126312	27.253036872457727	23.221040378153155
40	22.83113759604494	26.532608506739365	27.48531136231428	23.150942534901418
41	22.97419669084737	26.251150608818342	27.213873605781053	23.560779094553236
42	22.461887695595593	26.47136161654255	27.46337802499028	23.60337266287158
43	22.586593558488648	25.930678390811668	27.450505202805676	24.032222847894012
44	22.078348881000462	25.840657040268656	27.880846354816626	24.200147723914252
45	22.17980112022942	25.474496007660868	28.30476146619881	24.040941405910903
46	21.941576356913213	25.310295734161514	28.75734357088343	23.99078433804184
47	21.765459004655273	25.200179235996124	29.053344222143824	23.98101753720478
48	21.112263722094774	25.239627690156773	29.374456861459652	24.2736517262888
49	21.18075557859821	25.170215164342487	29.308362990083126	24.34066626697618
50	20.704082232714054	25.65349197938475	29.436183135592493	24.206242652308703
51	20.73339410099151	25.708493125501246	29.31792000369104	24.2401927698162
52	20.507368904563766	26.167679799275597	29.349503213948903	23.975448082211734
53	20.56172331827684	26.080704292031815	29.187671209069116	24.169901180622226
54	20.36964815460397	26.396901150107453	28.942439599323254	24.291011095965324
55	20.321581648925235	26.263175499599388	28.53829937846647	24.876943473008907
56	20.274254545255733	26.36424236210635	28.206054423164208	25.155448669473717
57	19.977666586065762	26.234347274919013	28.075181529828853	25.712804609186367
58	19.68824900715402	26.11519293595314	28.254322808745908	25.942235248146932
59	19.633593423473755	25.897165636347125	28.539734238764623	25.929506701414496
60	19.30638238651191	25.557466663389295	28.993158104559342	26.142992845539453
61	19.56987161888722	25.10140849027282	28.842774121645025	26.485945769194934
>>END_MODULE
>>Per sequence GC content	pass
#GC Content	Count
0	295.0
1	356.0
2	569.5
3	722.0
4	999.5
5	1277.0
6	1716.0
7	2870.5
8	3586.0
9	4669.0
10	5752.0
11	7773.5
12	12738.0
13	15681.0
14	21140.0
15	26599.0
16	35229.5
17	56874.5
18	69889.0
19	89360.0
20	137910.0
21	166989.0
22	205627.0
23	244265.0
24	296326.0
25	415494.5
26	482602.0
27	567262.5
28	651923.0
29	757249.5
30	992425.5
31	1122275.0
32	1272304.5
33	1422334.0
34	1582505.0
35	1884254.5
36	2025833.0
37	2157318.5
38	2288804.0
39	2367135.5
40	2487018.5
41	2528570.0
42	2578962.0
43	2666971.0
44	2704588.0
45	2716144.0
46	2727700.0
47	2717768.5
48	2654083.0
49	2600329.0
50	2518955.0
51	2437581.0
52	2296599.0
53	2007469.5
54	1859322.0
55	1715803.5
56	1572285.0
57	1439891.5
58	1188607.0
59	1069716.0
60	968802.0
61	784598.0
62	701308.0
63	637598.0
64	573888.0
65	522666.5
66	432753.5
67	394062.0
68	359731.5
69	325401.0
70	298807.0
71	249441.0
72	226669.0
73	208165.0
74	189661.0
75	172064.5
76	139808.5
77	125149.0
78	110390.0
79	95631.0
80	83763.0
81	61179.0
82	50463.0
83	42112.0
84	27542.5
85	21324.0
86	16675.5
87	12027.0
88	9213.0
89	4929.0
90	3459.0
91	2688.0
92	1917.0
93	1524.0
94	934.5
95	738.0
96	615.5
97	493.0
98	444.0
99	324.5
100	254.0
>>END_MODULE
>>Per base N content	pass
#Base	N-Count
1	1.607074461301911
2	0.0031447640922435093
3	2.73361118972404E-4
4	0.028096189154870985
5	0.005911712003793452
6	0.0
7	0.0
8	0.0
9	0.0024246909008040062
10	0.0
11	0.0013512484580099318
12	0.0
13	5.333875492144468E-5
14	0.0
15	1.6890605725124148E-4
16	0.0
17	0.0
18	0.0
19	0.0
20	0.0
21	0.0
22	0.0
23	0.0
24	0.0
25	0.0
26	0.006216187396470032
27	1.44459127912246E-4
28	0.0
29	0.0012667954293843113
30	0.0
31	0.014905959552422061
32	0.003895951557387189
33	0.001222346466949774
34	0.007205176810638486
35	0.0
36	0.0
37	0.01245682172227906
38	0.027218322146788872
39	0.007771901081678836
40	0.0024980316888209924
41	0.0065362199259987
42	0.00448267786152308
43	0.004467120724670992
44	0.001511264722774266
45	0.0
46	6.356201628138824E-4
47	0.0
48	0.0
49	0.0013556933542533856
50	0.0
51	0.0
52	0.0
53	0.0
54	3.3781211450248296E-4
55	0.004169312676359593
56	0.0029180743838273697
57	1.4668157603397287E-4
58	6.222854740835213E-5
59	0.0
60	0.0
61	0.0069740422059788925
>>END_MODULE
>>Sequence Length Distribution	pass
#Length	Count
61	4.4995426E7
>>END_MODULE
>>Sequence Duplication Levels	fail
#Total Deduplicated Percentage	42.47152443846031
#Duplication Level	Percentage of total
1	17.444021234459434
2	21.502528886581533
3	20.276190634539617
4	14.675486437793895
5	9.396862860141946
6	5.625815934566903
7	3.201146625748951
8	1.8979822869818364
9	1.041566636745293
>10	3.1275745769467114
>50	0.45563922686544767
>100	0.6694907616157203
>500	0.21208440067831918
>1k	0.4115538743047493
>5k	0.06205562202958174
>10k+	0.0
>>END_MODULE
>>Overrepresented sequences	pass
>>END_MODULE
>>Adapter Content	fail
#Position	Illumina Universal Adapter	Illumina Small RNA 3' Adapter	Illumina Small RNA 5' Adapter	Nextera Transposase Sequence	PolyA	PolyG
1	6.222854740835213E-5	0.0	0.0	4.222651431281037E-5	0.001655723850686512	5.978385447445258E-4
2	6.222854740835213E-5	0.0	0.0	6.000609928662527E-5	0.002220225673605135	6.822915733701465E-4
3	6.222854740835213E-5	6.667344365180585E-6	0.0	8.66754767473476E-5	0.002673605090437415	9.578751404642774E-4
4	6.222854740835213E-5	1.1112240608634309E-5	0.0	1.9557543471196382E-4	0.0036114781978061504	0.0014579259678528212
5	6.222854740835213E-5	1.7779584973814895E-5	0.0	2.044652271988713E-4	0.005687244743499039	0.0022935664616221215
6	6.222854740835213E-5	1.7779584973814895E-5	0.0	2.1335501968577873E-4	0.007460758344637075	0.0032025477434084078
7	6.222854740835213E-5	1.7779584973814895E-5	0.0	2.555815339985891E-4	0.00877422518457765	0.0037181557076490395
8	6.222854740835213E-5	1.7779584973814895E-5	0.0	2.9114070394621887E-4	0.010329938869786453	0.004240431016254852
9	6.222854740835213E-5	2.0002033095541755E-5	0.0	4.289324874932843E-4	0.011518948614910325	0.005009398066372346
10	7.111833989525958E-5	2.0002033095541755E-5	0.0	5.645018229186229E-4	0.014352569970112073	0.005858373248872007
11	7.111833989525958E-5	2.0002033095541755E-5	0.0	6.42287507179063E-4	0.017608456468441926	0.007169617640690856
12	7.111833989525958E-5	2.0002033095541755E-5	0.0	7.156282951960495E-4	0.020971020476614668	0.007983033653242887
13	7.334078801698643E-5	2.0002033095541755E-5	0.0	8.04526220065124E-4	0.024726957802333065	0.009689873810729117
14	7.55632361387133E-5	2.0002033095541755E-5	0.0	8.845343524472909E-4	0.02873847666205005	0.01106112430183459
15	7.55632361387133E-5	2.0002033095541755E-5	0.0	9.95656758533634E-4	0.033378948340215736	0.013119111262553666
16	8.66754767473476E-5	2.0002033095541755E-5	0.0	0.0012090117782194128	0.037550483464697054	0.01469482698085801
17	8.66754767473476E-5	2.666937746072234E-5	0.0	0.0013445811136447515	0.041084175978242765	0.016261652906675448
18	9.334282111252819E-5	3.1114273704176064E-5	4.444896243453724E-6	0.0018668564222505638	0.044377844094641974	0.017552895265398754
19	9.334282111252819E-5	3.1114273704176064E-5	4.444896243453724E-6	0.0021802216074140513	0.04800265698117849	0.019253068078519803
20	9.556526923425506E-5	3.1114273704176064E-5	4.444896243453724E-6	0.004324884044880473	0.05124965368702143	0.02077766749002443
21	9.778771735598191E-5	3.3336721825902924E-5	4.444896243453724E-6	0.005120520472458689	0.05478334620056714	0.022440058685076123
22	1.0001016547770878E-4	3.3336721825902924E-5	4.444896243453724E-6	0.011703411809013653	0.058172579586200604	0.023940211167241755
23	1.0001016547770878E-4	3.3336721825902924E-5	4.444896243453724E-6	0.01329246221604836	0.061621819071120694	0.02535368817266004
24	1.0667750984288936E-4	3.778161806935665E-5	4.444896243453724E-6	0.02559371256980654	0.06566222975642012	0.026644930531383344
25	1.1112240608634308E-4	3.778161806935665E-5	4.444896243453724E-6	0.028796260313214948	0.06874254285313357	0.02794506268259356
26	1.1778975045152367E-4	3.778161806935665E-5	4.444896243453724E-6	0.044626758284275383	0.07253181690067786	0.029289643796238312
27	1.222346466949774E-4	3.778161806935665E-5	4.444896243453724E-6	0.0632775429218072	0.07587660132387679	0.03084313503332539
28	1.222346466949774E-4	3.778161806935665E-5	4.444896243453724E-6	0.10051243875321905	0.07901692051987684	0.03233662017112584
29	1.2445709481670426E-4	3.778161806935665E-5	4.444896243453724E-6	0.13694280836456577	0.08271729664255206	0.03373898493593549
30	1.333468873036117E-4	3.778161806935665E-5	4.444896243453724E-6	0.18986152059100408	0.08591762193783875	0.03522358028124903
31	1.3779178354706543E-4	4.222651431281037E-5	4.444896243453724E-6	0.24505379724596896	0.1083021194198717	0.036481485918146435
32	1.3779178354706543E-4	5.333875492144468E-5	4.444896243453724E-6	0.3370098107305396	0.11157134060693191	0.037990528192798974
33	1.3779178354706543E-4	5.778365116489841E-5	4.444896243453724E-6	0.47697959343689733	0.11467832308110606	0.03946845619374734
34	1.3779178354706543E-4	6.000609928662527E-5	4.444896243453724E-6	0.6739729500505229	0.11812534011790443	0.04089749033601771
35	1.3779178354706543E-4	6.000609928662527E-5	4.444896243453724E-6	0.8877835716012556	0.12113008997847914	0.04224873879402764
36	1.400142316687923E-4	6.000609928662527E-5	4.444896243453724E-6	1.170963466375449	0.12385925627195973	0.0433955220248387
37	1.400142316687923E-4	7.55632361387133E-5	4.444896243453724E-6	1.509393421455772	0.12667065314594422	0.04475343782721382
38	1.4890402415569973E-4	7.55632361387133E-5	4.444896243453724E-6	1.8821735347055053	0.12963539894032786	0.046186916865727644
39	1.5557136852088033E-4	7.55632361387133E-5	4.444896243453724E-6	2.2863301705377785	0.13244901826243405	0.04743371026201641
40	1.5557136852088033E-4	7.55632361387133E-5	4.444896243453724E-6	2.8040872421121206	0.13530930899509652	0.04865827917708791
41	1.5557136852088033E-4	7.55632361387133E-5	4.444896243453724E-6	3.4995868246696897	0.13794068757122113	0.050076201078749646
42	1.5557136852088033E-4	7.55632361387133E-5	4.444896243453724E-6	4.4686764383562005	0.14077208647830114	0.0512718781682387
43	1.5557136852088033E-4	7.55632361387133E-5	4.444896243453724E-6	5.72333285609964	0.14356792621543354	0.05256978787132719
44	1.622387128860609E-4	7.55632361387133E-5	4.444896243453724E-6	7.183274584398868	0.14592816612070747	0.053703236413407886
45	1.6446116100778777E-4	7.55632361387133E-5	4.444896243453724E-6	8.533145124573329	0.14833063254029422	0.05476556661559333
46	1.6446116100778777E-4	7.55632361387133E-5	4.444896243453724E-6	9.644809230164862	0.1506886499974464	0.055930129431378206
47	1.6446116100778777E-4	7.55632361387133E-5	4.444896243453724E-6	10.521689471280926	0.1532444653374323	0.05709024735091962
48	1.6446116100778777E-4	7.55632361387133E-5	4.444896243453724E-6	11.238126737593284	0.15589584594665246	0.058163689793713697
49	1.6446116100778777E-4	7.55632361387133E-5	4.444896243453724E-6	11.86832190454203	0.15849611024907287	0.05931491792076821
50	1.6668360912951464E-4	7.55632361387133E-5	4.444896243453724E-6	12.551366887825443	0.1616319845488295	0.060519484802744175
>>END_MODULE
