##FastQC	0.12.1
>>Basic Statistics	pass
#Measure	Value
Filename	SRR11256208.fastq.gz
File type	Conventional base calls
Encoding	Sanger / Illumina 1.9
Total Sequences	36114545
Total Bases	2.2 Gbp
Sequences flagged as poor quality	0
Sequence length	61
%GC	45
>>END_MODULE
>>Per base sequence quality	pass
#Base	Mean	Median	Lower Quartile	Upper Quartile	10th Percentile	90th Percentile
1	31.27589903181668	32.0	32.0	32.0	32.0	32.0
2	31.694559020472223	32.0	32.0	32.0	32.0	32.0
3	35.84221689626714	37.0	37.0	37.0	32.0	37.0
4	36.31162588369866	37.0	37.0	37.0	37.0	37.0
5	36.51259385934393	37.0	37.0	37.0	37.0	37.0
6	40.1805210338383	41.0	41.0	41.0	37.0	41.0
7	40.268005480894196	41.0	41.0	41.0	41.0	41.0
8	40.31192512601225	41.0	41.0	41.0	41.0	41.0
9	40.331865983636234	41.0	41.0	41.0	41.0	41.0
10	40.300312131857126	41.0	41.0	41.0	41.0	41.0
11	40.32030980869342	41.0	41.0	41.0	41.0	41.0
12	40.29860354048486	41.0	41.0	41.0	41.0	41.0
13	40.296507570564714	41.0	41.0	41.0	41.0	41.0
14	40.30419286744441	41.0	41.0	41.0	41.0	41.0
15	40.31455744492974	41.0	41.0	41.0	41.0	41.0
16	40.296910123054296	41.0	41.0	41.0	41.0	41.0
17	40.296157960733	41.0	41.0	41.0	41.0	41.0
18	40.232033630771205	41.0	41.0	41.0	41.0	41.0
19	40.26370884639416	41.0	41.0	41.0	41.0	41.0
20	40.26636146184315	41.0	41.0	41.0	41.0	41.0
21	40.229691859609474	41.0	41.0	41.0	41.0	41.0
22	40.23525053409921	41.0	41.0	41.0	41.0	41.0
23	40.23892775057806	41.0	41.0	41.0	41.0	41.0
24	40.22429926778809	41.0	41.0	41.0	41.0	41.0
25	40.219929421788365	41.0	41.0	41.0	41.0	41.0
26	40.134604990870024	41.0	41.0	41.0	41.0	41.0
27	40.14268198588685	41.0	41.0	41.0	41.0	41.0
28	40.097427753831596	41.0	41.0	41.0	41.0	41.0
29	40.044076645573135	41.0	41.0	41.0	37.0	41.0
30	40.08056787092292	41.0	41.0	41.0	37.0	41.0
31	40.034517339205024	41.0	41.0	41.0	37.0	41.0
32	40.001521298413145	41.0	41.0	41.0	37.0	41.0
33	40.06352822664663	41.0	41.0	41.0	37.0	41.0
34	40.074924881373974	41.0	41.0	41.0	37.0	41.0
35	40.00933028506935	41.0	41.0	41.0	37.0	41.0
36	40.0197097872893	41.0	41.0	41.0	37.0	41.0
37	40.029503846718825	41.0	41.0	41.0	37.0	41.0
38	40.020265657507245	41.0	41.0	41.0	37.0	41.0
39	40.01983909806977	41.0	41.0	41.0	37.0	41.0
40	40.02308142051908	41.0	41.0	41.0	37.0	41.0
41	40.00255808289984	41.0	41.0	41.0	37.0	41.0
42	39.998074376958094	41.0	41.0	41.0	37.0	41.0
43	39.9887070431041	41.0	41.0	41.0	37.0	41.0
44	39.930864448105325	41.0	41.0	41.0	37.0	41.0
45	39.937790549486365	41.0	41.0	41.0	37.0	41.0
46	39.90389644947763	41.0	41.0	41.0	37.0	41.0
47	39.90291515509887	41.0	41.0	41.0	37.0	41.0
48	39.901525687226574	41.0	41.0	41.0	37.0	41.0
49	39.89852913832917	41.0	41.0	41.0	37.0	41.0
50	39.88176215427884	41.0	41.0	41.0	37.0	41.0
51	39.82474022585637	41.0	41.0	41.0	37.0	41.0
52	39.84077365504674	41.0	41.0	41.0	37.0	41.0
53	39.84010932437332	41.0	41.0	41.0	37.0	41.0
54	39.827422912291986	41.0	41.0	41.0	37.0	41.0
55	39.81250606923056	41.0	41.0	41.0	37.0	41.0
56	39.797054898518034	41.0	41.0	41.0	37.0	41.0
57	39.758189865052984	41.0	41.0	41.0	37.0	41.0
58	39.67371237821216	41.0	41.0	41.0	37.0	41.0
59	39.72242507831678	41.0	41.0	41.0	37.0	41.0
60	39.66858646564701	41.0	41.0	41.0	37.0	41.0
61	39.344824280632636	41.0	41.0	41.0	37.0	41.0
>>END_MODULE
>>Per sequence quality scores	pass
#Quality	Count
14	2.0
15	1.0
16	6.0
17	19.0
18	52.0
19	118.0
20	316.0
21	905.0
22	2100.0
23	4599.0
24	9683.0
25	18501.0
26	33209.0
27	55098.0
28	85580.0
29	124297.0
30	172229.0
31	227842.0
32	293278.0
33	369857.0
34	464000.0
35	583699.0
36	757429.0
37	1036200.0
38	1624672.0
39	4051378.0
40	2.6199475E7
>>END_MODULE
>>Per base sequence content	warn
#Base	G	A	T	C
1	38.42350825092423	25.297569520743963	12.080898359086424	24.198023869245386
2	16.55040184680535	24.962074315429106	37.69963821451373	20.78788562325181
3	18.879384844570527	24.66134469720569	30.148981917210428	26.31028854101336
4	14.412927997124807	18.424238321697132	36.48810815851704	30.674725522661017
5	14.523158870578232	36.005972016391254	35.06784340658808	14.40302570644243
6	30.541373288795416	35.47483984638322	19.34931202926688	14.634474835554483
7	27.13287402624067	30.75628116040227	23.994446005065274	18.116398808291784
8	22.208761040738572	35.77266167966397	24.903730616016347	17.114846663581115
9	22.149376950853313	18.98132297995408	27.417859114013403	31.451440955179205
10	16.05872647710223	28.682665114568106	34.77081602440236	20.487792383927307
11	30.04025826272675	25.91440451323178	24.640430378436644	19.404906845604835
12	17.395894091978732	28.21672265288127	33.839185846035164	20.548197409104834
13	26.515496104933067	23.495575616980947	26.69812067592634	23.290807602159653
14	19.809262445366542	23.91149327784692	27.14097048709876	29.138273789687787
15	22.711327723542215	29.929582807736153	23.88449440606587	23.474595062655762
16	22.326101574864087	29.01181781467827	26.277553822151155	22.384526788306484
17	22.460282969091814	28.07359749375217	27.08925171284866	22.376867824307354
18	22.248528951423864	27.956445249414053	27.971087549351655	21.82393824981043
19	23.364741269757104	26.995187119206403	26.967608203287625	22.67246340774887
20	22.994198044029073	27.544406277304617	27.13183843240999	22.32955724625632
21	23.324569089822397	26.893422027053088	26.38669544362251	23.395313439502008
22	22.92944573993664	27.604736540360676	26.838192202061524	22.62762551764116
23	23.279487530578052	27.089082805833492	26.31746018120954	23.313969482378912
24	22.74313299530702	27.501994002693376	27.045878606528202	22.70899439547141
25	23.158580566361834	27.131702753004365	26.750512847386005	22.959203833247795
26	22.345993845657617	27.58597963668312	27.493329989697717	22.574696527961542
27	22.870583924818185	27.29925931644367	27.04156488154141	22.78859187719673
28	22.37737731432031	27.477790458110434	27.39287730192918	22.75195492564007
29	23.04091309626622	27.246585152688006	26.923033151591923	22.789468599453848
30	22.67825054974388	27.427112815625946	27.152843819574635	22.74179281505554
31	23.27933239255541	27.067699011474218	26.643534747616698	23.009433848353673
32	22.714840842472018	27.512281398200855	27.014922430476297	22.75795532885083
33	22.724031234767036	27.177744015664125	27.03263178309556	23.065592966473275
34	22.550453302766172	27.465598167388162	27.23161195611747	22.752336573728197
35	22.731406418106612	27.346613393578682	27.03292260777479	22.88905758053992
36	22.178427002195374	27.481475953801993	27.561294209853678	22.778802834148955
37	22.339436387057184	27.126733225210202	27.41985371668536	23.113976671047254
38	22.144164323544853	27.33357510986162	27.84649624098801	22.675764325605513
39	22.67256425043846	26.92214924687369	27.578404008137188	22.826882494550663
40	22.47606015212314	26.948614260352283	27.8837789756878	22.69154661183678
41	22.626407388375156	26.6287457678071	27.643657934998068	23.10118890881968
42	22.121369859053512	26.92254951657933	27.861442355123746	23.09463826924341
43	22.19823088236487	26.433505401415903	27.851032498490643	23.517231217728582
44	21.736289671841085	26.40674196212621	28.182876018957415	23.67409234707529
45	21.862598573511033	26.028310754018914	28.56041797010041	23.54867270236964
46	21.69152435490051	25.82953744682891	28.99684953165245	23.482088666618136
47	21.5716050139909	25.792912523195294	29.25498853716695	23.380493925646856
48	20.92016665307565	25.838359586144584	29.523085504746078	23.718388256033684
49	20.993170554436986	25.788070512926836	29.45952987450123	23.759229058134952
50	20.55597266973736	26.342333815918213	29.510411940673762	23.591281573670663
51	20.60966848675513	26.279857603079314	29.42875232126004	23.68172158890552
52	20.445789916500402	26.706657940727208	29.37018865944455	23.47736348332784
53	20.474803157564356	26.526902111046947	29.291347848906863	23.706946882481837
54	20.337902774105807	26.81109414158536	29.12127712338221	23.729725960926622
55	20.245152596845813	26.599317881857772	28.854067605773736	24.301461915522676
56	20.256750757272904	26.734688751982745	28.5026109512	24.505949539544346
57	19.904468259262924	26.689085923381057	28.410779950396087	24.995665866959936
58	19.688185856295053	26.580913729838233	28.522766711655027	25.208133702211683
59	19.70818959507866	26.44042448824982	28.77082903854943	25.080556878122096
60	19.428928150693856	26.064307331021336	29.15423411813717	25.352530400147643
61	19.666351333920655	25.70853639767127	29.00672012646835	25.618392141939722
>>END_MODULE
>>Per sequence GC content	pass
#GC Content	Count
0	322.0
1	383.5
2	626.5
3	808.0
4	1096.0
5	1384.0
6	1849.5
7	2932.0
8	3549.0
9	4816.5
10	6084.0
11	8083.5
12	13296.0
13	16509.0
14	21800.0
15	27091.0
16	36456.0
17	59534.0
18	73247.0
19	93286.5
20	141848.0
21	170370.0
22	209260.0
23	248150.0
24	298405.0
25	411594.0
26	474528.0
27	549845.0
28	625162.0
29	718991.5
30	929033.5
31	1045246.0
32	1172337.5
33	1299429.0
34	1434185.5
35	1670835.0
36	1772728.0
37	1863065.0
38	1953402.0
39	1987950.5
40	2019566.5
41	2016634.0
42	2032937.5
43	2058494.0
44	2067747.0
45	2063408.0
46	2059069.0
47	2039166.0
48	1977118.0
49	1934973.0
50	1874446.5
51	1813920.0
52	1711944.0
53	1503707.0
54	1397446.0
55	1296129.5
56	1194813.0
57	1101445.5
58	921315.5
59	834553.0
60	755917.0
61	613338.5
62	549396.0
63	498660.0
64	447924.0
65	408691.5
66	334315.0
67	299171.0
68	271212.5
69	243254.0
70	220610.5
71	180167.5
72	162368.0
73	147266.5
74	132165.0
75	118896.5
76	95492.5
77	85357.0
78	74497.0
79	63637.0
80	55244.5
81	39570.0
82	32288.0
83	27082.5
84	17666.5
85	13456.0
86	10808.5
87	8161.0
88	6257.0
89	3294.0
90	2235.0
91	1694.5
92	1154.0
93	941.0
94	618.0
95	508.0
96	414.5
97	321.0
98	282.0
99	189.5
100	136.0
>>END_MODULE
>>Per base N content	pass
#Base	N-Count
1	1.5613127619356688
2	0.003200926385753995
3	2.6305190886386637E-4
4	0.027230026018602756
5	0.005867442051395081
6	0.0
7	0.0
8	0.0
9	0.0023840809845451466
10	0.0
11	0.0012958767720872575
12	0.0
13	4.984141431104836E-5
14	0.0
15	1.9105875485901872E-4
16	0.0
17	0.0
18	0.0
19	0.0
20	0.0
21	0.0
22	0.0
23	0.0
24	0.0
25	0.0
26	0.005972662814940629
27	1.8552081993556888E-4
28	0.0
29	0.0011408145942306625
30	0.0
31	0.01501057261001073
32	0.0038571716741827976
33	0.001187887041079986
34	0.007166087790944065
35	0.0
36	0.0
37	0.01240497422852759
38	0.026523939315862905
39	0.007772491665061819
40	0.0025114534877844923
41	0.0065236873398238845
42	0.004682323977776821
43	0.004192216737051512
44	0.0015173941690252502
45	0.0
46	6.424004511201789E-4
47	0.0
48	0.0
49	0.0013457181863983057
50	0.0
51	0.0
52	0.0
53	0.0
54	3.6827267240941287E-4
55	0.004003926949654219
56	0.0029849469237394517
57	1.550621778565949E-4
58	5.261038177277327E-5
59	0.0
60	0.0
61	0.006720284029606354
>>END_MODULE
>>Sequence Length Distribution	pass
#Length	Count
61	3.6114545E7
>>END_MODULE
>>Sequence Duplication Levels	fail
#Total Deduplicated Percentage	26.607320874734704
#Duplication Level	Percentage of total
1	7.16072266181537
2	8.034633220591145
3	11.625478688404248
4	13.442602752838354
5	12.97428216559531
6	11.153268800706364
7	9.000230125508283
8	6.865708094123582
9	5.065460385058341
>10	12.648768954075793
>50	0.4974564524790547
>100	0.673649456201728
>500	0.22490101634961035
>1k	0.5349216601205237
>5k	0.09791556613223122
>10k+	0.0
>>END_MODULE
>>Overrepresented sequences	pass
>>END_MODULE
>>Adapter Content	fail
#Position	Illumina Universal Adapter	Illumina Small RNA 3' Adapter	Illumina Small RNA 5' Adapter	Nextera Transposase Sequence	PolyA	PolyG
1	6.645521908139781E-5	0.0	0.0	8.583799131347217E-5	0.002181946359839228	6.783970281226027E-4
2	6.645521908139781E-5	0.0	0.0	1.21834568315896E-4	0.0027883502339569833	7.6146605197435E-4
3	6.645521908139781E-5	0.0	0.0	1.550621778565949E-4	0.0033587575310723146	0.001096511114843064
4	6.645521908139781E-5	0.0	0.0	2.187484294762678E-4	0.004496803157841252	0.0016364597698794211
5	6.645521908139781E-5	0.0	0.0	2.2982429932316744E-4	0.00729346029418341	0.0025059155528610426
6	8.030005639002236E-5	0.0	0.0	2.3813120170834215E-4	0.009190203005464973	0.0033892161731512885
7	9.1375926236922E-5	0.0	0.0	2.575139739404165E-4	0.010840507612653018	0.003940240698034545
8	9.41448936986469E-5	0.0	0.0	2.796657136342158E-4	0.012488043252379339	0.0044331169062215795
9	9.41448936986469E-5	0.0	0.0	4.098071843352865E-4	0.01395005807217009	0.005205658828042829
10	9.41448936986469E-5	0.0	0.0	5.205658828042829E-4	0.01710391201107476	0.006100035318179975
11	9.41448936986469E-5	1.1075869846899635E-5	0.0	6.008659391943052E-4	0.02061219378508022	0.007362684480726533
12	9.41448936986469E-5	1.1075869846899635E-5	0.0	6.257866463498294E-4	0.024483210296571644	0.008007853899308437
13	9.41448936986469E-5	1.1075869846899635E-5	0.0	6.728590931991529E-4	0.028675427033623156	0.009757841335118578
14	9.41448936986469E-5	1.1075869846899635E-5	0.0	7.58697084512625E-4	0.033080854265227486	0.010735286849107472
15	9.41448936986469E-5	1.1075869846899635E-5	0.0	8.916075226754206E-4	0.037868399006549855	0.01275386412870493
16	1.1075869846899636E-4	1.1075869846899635E-5	0.0	0.0010688214402258147	0.04236243319692938	0.013986054649172516
17	1.1075869846899636E-4	1.1075869846899635E-5	0.0	0.0012211146506206849	0.04642727743074155	0.015425917729269467
18	1.1075869846899636E-4	1.1075869846899635E-5	0.0	0.001578311453183198	0.05069979422418308	0.017040225759455088
19	1.1075869846899636E-4	1.1075869846899635E-5	5.537934923449817E-6	0.0018579771668174139	0.054914162700928394	0.018408095685547195
20	1.1075869846899636E-4	1.3844837308624545E-5	5.537934923449817E-6	0.0032978402469143664	0.05886547926880984	0.019789810448947925
21	1.1629663339244617E-4	1.3844837308624545E-5	5.537934923449817E-6	0.003732568138405177	0.0631186132900193	0.021226904561583153
22	1.1629663339244617E-4	1.3844837308624545E-5	5.537934923449817E-6	0.008074309118389834	0.06698962980151073	0.02260861932498388
23	1.1629663339244617E-4	1.3844837308624545E-5	5.537934923449817E-6	0.009237275452314297	0.07081911180107626	0.023885113324839065
24	1.1629663339244617E-4	1.3844837308624545E-5	5.537934923449817E-6	0.017635553763725945	0.07539898398276927	0.02528067292554842
25	1.4121734054797034E-4	1.3844837308624545E-5	5.537934923449817E-6	0.019648593108399955	0.07956628001266526	0.026864522313655066
26	1.4398630800969525E-4	1.3844837308624545E-5	5.537934923449817E-6	0.030439259306741923	0.08368650359571192	0.02822131636990027
27	1.4675527547142018E-4	2.768967461724909E-5	5.537934923449817E-6	0.048539999604037654	0.08757136494451197	0.029639027710303426
28	1.495242429331451E-4	2.768967461724909E-5	5.537934923449817E-6	0.08282535471511547	0.09124024683129747	0.030993052799086904
29	1.495242429331451E-4	3.8765544464148726E-5	2.215173969379927E-5	0.12071313649389741	0.09490635975062126	0.032222474352092766
30	1.5229321039487E-4	3.8765544464148726E-5	2.215173969379927E-5	0.16686074821100474	0.09848386571116984	0.033379902751093773
31	1.6336908024176962E-4	4.984141431104836E-5	2.215173969379927E-5	0.21229396632298703	0.1020807544439505	0.034877914147886956
32	1.6336908024176962E-4	6.0917284157948E-5	2.215173969379927E-5	0.28168152194635154	0.1056056500227263	0.03632054619544563
33	1.6613804770349453E-4	6.0917284157948E-5	2.215173969379927E-5	0.38984846687117336	0.10903363174034174	0.03758319535799219
34	1.6613804770349453E-4	6.0917284157948E-5	2.215173969379927E-5	0.5359890315660906	0.11268313085489516	0.03906736191747674
35	1.7721391755039416E-4	6.0917284157948E-5	2.215173969379927E-5	0.6993719566451688	0.11582867789141467	0.04057091124919337
36	1.799828850121191E-4	6.0917284157948E-5	2.215173969379927E-5	0.9309767020462254	0.11907113878909453	0.04208830541821861
37	1.799828850121191E-4	6.0917284157948E-5	2.215173969379927E-5	1.2332842626149658	0.12239666871062614	0.0433869511577676
38	1.799828850121191E-4	6.0917284157948E-5	2.215173969379927E-5	1.5861060965879537	0.12549237433283458	0.04466621412508451
39	1.799828850121191E-4	6.0917284157948E-5	2.215173969379927E-5	1.9916518399996457	0.1289729664322228	0.04589286671062864
40	1.82751852473844E-4	6.0917284157948E-5	2.215173969379927E-5	2.487881267782828	0.1320963617290485	0.04704752614216793
41	1.882897873972938E-4	6.0917284157948E-5	2.215173969379927E-5	3.117275878735285	0.1355215744792022	0.048371092588872434
42	1.9105875485901872E-4	6.0917284157948E-5	2.215173969379927E-5	3.961240547264267	0.13866712151572172	0.04979987979912249
43	2.0213462470591834E-4	6.0917284157948E-5	2.215173969379927E-5	5.032105485476835	0.14174067539823637	0.05105422205928387
44	2.159794620145429E-4	6.0917284157948E-5	2.215173969379927E-5	6.257611718491815	0.14498590526337796	0.052200574588437985
45	2.187484294762678E-4	6.0917284157948E-5	2.215173969379927E-5	7.404808782721754	0.14775764169256458	0.05358782728676216
46	2.2428636439971762E-4	6.0917284157948E-5	2.215173969379927E-5	8.366598554682055	0.150471229805055	0.05458465557298313
47	2.3536223424661725E-4	6.0917284157948E-5	2.215173969379927E-5	9.135017483952796	0.15359462510188068	0.055744852939445866
48	2.3536223424661725E-4	6.0917284157948E-5	2.215173969379927E-5	9.779043318973006	0.1566847927891657	0.05692166411067895
49	2.3813120170834215E-4	6.0917284157948E-5	2.215173969379927E-5	10.371679886871066	0.15931531187780437	0.058192620175610686
50	2.3813120170834215E-4	6.0917284157948E-5	2.215173969379927E-5	11.012651550780994	0.16261592109218045	0.059388814119075845
>>END_MODULE
