##FastQC	0.12.1
>>Basic Statistics	pass
#Measure	Value
Filename	SRR11256135.fastq.gz
File type	Conventional base calls
Encoding	Sanger / Illumina 1.9
Total Sequences	32729942
Total Bases	1.6 Gbp
Sequences flagged as poor quality	0
Sequence length	51
%GC	43
>>END_MODULE
>>Per base sequence quality	pass
#Base	Mean	Median	Lower Quartile	Upper Quartile	10th Percentile	90th Percentile
1	31.584599141666672	32.0	32.0	32.0	32.0	32.0
2	31.631727242290868	32.0	32.0	32.0	32.0	32.0
3	35.65166219970692	37.0	37.0	37.0	32.0	37.0
4	36.171110263501234	37.0	37.0	37.0	37.0	37.0
5	36.39516263120784	37.0	37.0	37.0	37.0	37.0
6	39.99396161471964	41.0	41.0	41.0	37.0	41.0
7	40.09854609580427	41.0	41.0	41.0	37.0	41.0
8	40.133826726610145	41.0	41.0	41.0	37.0	41.0
9	40.16525617430058	41.0	41.0	41.0	37.0	41.0
10	40.131849057355495	41.0	41.0	41.0	37.0	41.0
11	40.135866479690065	41.0	41.0	41.0	37.0	41.0
12	40.11763244187845	41.0	41.0	41.0	37.0	41.0
13	40.11589858607143	41.0	41.0	41.0	37.0	41.0
14	40.111299525064844	41.0	41.0	41.0	37.0	41.0
15	40.147721282243644	41.0	41.0	41.0	37.0	41.0
16	40.12516432201438	41.0	41.0	41.0	37.0	41.0
17	40.129858464154935	41.0	41.0	41.0	37.0	41.0
18	40.122527073222436	41.0	41.0	41.0	37.0	41.0
19	40.1146285868762	41.0	41.0	41.0	37.0	41.0
20	40.11661453601109	41.0	41.0	41.0	37.0	41.0
21	40.12065401765759	41.0	41.0	41.0	37.0	41.0
22	40.119296911678	41.0	41.0	41.0	37.0	41.0
23	40.110478289267974	41.0	41.0	41.0	37.0	41.0
24	40.09345106691604	41.0	41.0	41.0	37.0	41.0
25	40.076286111353326	41.0	41.0	41.0	37.0	41.0
26	40.00470621060068	41.0	41.0	41.0	37.0	41.0
27	39.99483155209991	41.0	41.0	41.0	37.0	41.0
28	39.99487044614989	41.0	41.0	41.0	37.0	41.0
29	39.97601899202877	41.0	41.0	41.0	37.0	41.0
30	39.97184684898006	41.0	41.0	41.0	37.0	41.0
31	39.961470631387	41.0	41.0	41.0	37.0	41.0
32	39.96794393952791	41.0	41.0	41.0	37.0	41.0
33	39.95450584666481	41.0	41.0	41.0	37.0	41.0
34	39.94473940711536	41.0	41.0	41.0	37.0	41.0
35	39.9445935162366	41.0	41.0	41.0	37.0	41.0
36	39.933169084137084	41.0	41.0	41.0	37.0	41.0
37	39.925656421878166	41.0	41.0	41.0	37.0	41.0
38	39.929456398059	41.0	41.0	41.0	37.0	41.0
39	39.92367786658467	41.0	41.0	41.0	37.0	41.0
40	39.90277144395795	41.0	41.0	41.0	37.0	41.0
41	39.900385035818275	41.0	41.0	41.0	37.0	41.0
42	39.87808035223527	41.0	41.0	41.0	37.0	41.0
43	39.87241780019042	41.0	41.0	41.0	37.0	41.0
44	39.852341229324516	41.0	41.0	41.0	37.0	41.0
45	39.829801867659896	41.0	41.0	41.0	37.0	41.0
46	39.82335782935393	41.0	41.0	41.0	37.0	41.0
47	39.827044056478925	41.0	41.0	41.0	37.0	41.0
48	39.800095001696	41.0	41.0	41.0	37.0	41.0
49	39.800829161261575	41.0	41.0	41.0	37.0	41.0
50	39.7941276828416	41.0	41.0	41.0	37.0	41.0
51	39.6286718442703	41.0	41.0	41.0	37.0	41.0
>>END_MODULE
>>Per sequence quality scores	pass
#Quality	Count
12	2.0
13	3.0
14	0.0
15	4.0
16	4.0
17	13.0
18	11.0
19	27.0
20	95.0
21	290.0
22	743.0
23	2016.0
24	4800.0
25	10863.0
26	22616.0
27	41340.0
28	70632.0
29	112720.0
30	166662.0
31	231949.0
32	308970.0
33	395940.0
34	505121.0
35	631598.0
36	810563.0
37	1088621.0
38	1634131.0
39	3747130.0
40	2.2943078E7
>>END_MODULE
>>Per base sequence content	warn
#Base	G	A	T	C
1	39.75645781149362	22.308661289750333	12.019651372822075	25.915229525933974
2	16.564043551774795	22.429043022877863	37.60171182945356	23.40520159589378
3	19.790855751437807	23.819123587926622	29.79852565108135	26.591495009554222
4	14.703845557946993	17.74909364960079	36.18930994804171	31.35775084441051
5	14.587318853177313	35.65534274396209	35.12869347583934	14.62864492702126
6	31.120772917930296	35.70739596602336	18.36010364625643	14.811727469789906
7	27.201497222878263	30.81948540678211	22.726791655221994	19.25222571511763
8	23.74762228420692	36.328005103094895	22.210751244227687	17.7136213684705
9	23.997139988821246	16.658049684292138	23.494502373392535	35.85030795349408
10	15.787562831231503	29.01006146023911	34.74565383420642	20.456721874322962
11	32.356823153882864	24.282326491358102	23.350612552563526	20.010237802195505
12	20.184994522752287	26.958953975537142	31.380000612283393	21.476050889427178
13	28.241853070421335	22.455801780009484	25.63998746346541	23.662357686103775
14	19.457556645595012	23.76917917210028	27.88347757552374	28.889786606780966
15	22.097494092717916	31.39499605590502	23.693998602258446	22.81351124911862
16	21.225161352256595	29.69753811357197	27.71670967214057	21.36059086203086
17	21.099875459602096	29.41562805091436	28.332604439079056	21.151892050404488
18	20.904260937342602	28.838572154993024	29.60938696105834	20.647779946606025
19	21.529304965482034	28.490493436676918	28.55093355882328	21.429268039017764
20	21.141901948197038	29.561126410915424	29.027614288988268	20.26935735189927
21	21.205476013370266	28.539430347905903	28.26094528367939	21.994148355044445
22	21.23343817718956	29.268047587740913	28.5167844171554	20.98172981791413
23	21.365363250567324	28.59838859476134	28.38873652755022	21.647511627121123
24	21.532443558974002	28.185497584148745	29.10322805733026	21.178830799546994
25	21.427566232778535	28.235696231908996	28.469457721617715	21.86727981369475
26	20.44636070543602	28.80131898797743	29.31665140133765	21.4356689052489
27	20.639336910526758	28.699057884062245	29.094750610923782	21.566854594487214
28	19.910378677478853	29.245104598030984	29.23226907796419	21.61224764652597
29	20.879250884660163	28.925567185897062	28.828888257711398	21.366293671731377
30	20.921794788946897	28.854528013844565	29.07885448065536	21.144822716553183
31	22.1224386039473	28.441171644967216	28.269920509530944	21.166469241554537
32	21.309418134295242	28.862103106582836	28.684544278915975	21.143934480205942
33	21.174434992516918	28.591402485658957	28.929616870627385	21.304545651196744
34	21.050095713599415	28.615205358996043	29.26023902993761	21.074459897466934
35	20.936865144249246	28.4013083337071	28.87430737592773	21.787519146115923
36	20.35612982390583	28.720189667844476	29.46590303737122	21.457777470878472
37	20.34387819266896	28.171509334906457	29.239411182235926	22.24520129018866
38	20.176103326988603	28.695831650902615	29.646429068491777	21.48163595361701
39	20.92665534239326	28.09902378937646	29.49478147966466	21.479539388565623
40	21.278763432498764	27.97016426836319	29.835878298990043	20.915194000148006
41	21.49169976814073	27.83022835624962	29.266280066503906	21.411791809105743
42	21.334108044601688	28.201546409974355	29.112880130907747	21.351465414516205
43	21.200761464392016	27.818059607792428	29.07038082325103	21.910798104564527
44	20.709964814422868	27.823133298605157	29.182494248814038	22.284407638157937
45	20.681783527152685	27.945952833708525	29.069544871597035	22.302718767541755
46	20.350154446561625	27.3828759488847	29.631364154568356	22.63560544998532
47	20.456304914804544	27.65321760187319	29.676914099858713	22.21356338346355
48	19.74515574955996	28.225487504910063	30.036405972300273	21.992950773229705
49	20.780457930705428	28.025545061612366	29.47059354806224	21.723403459619963
50	20.172234443227996	29.079968034407898	29.297495520365047	21.450302001999056
51	20.528338945297087	28.674835122657917	29.171741856470568	21.62508407557443
>>END_MODULE
>>Per sequence GC content	pass
#GC Content	Count
0	52.0
1	151.0
2	250.0
3	426.0
4	602.0
5	1059.0
6	1516.0
7	2655.0
8	3794.0
9	5828.0
10	7862.0
11	11618.0
12	15374.0
13	22588.5
14	29803.0
15	41728.0
16	53653.0
17	73036.5
18	92420.0
19	121624.5
20	150829.0
21	193105.5
22	235382.0
23	294011.5
24	352641.0
25	429255.0
26	607369.5
27	708870.0
28	839896.5
29	970923.0
30	1145853.0
31	1320783.0
32	1515556.5
33	1710330.0
34	1891129.0
35	2071928.0
36	2163780.0
37	2255632.0
38	2268084.5
39	2280537.0
40	2282972.5
41	2285408.0
42	2297008.5
43	2308609.0
44	2300372.0
45	2292135.0
46	2265508.0
47	2238881.0
48	2179252.0
49	2119623.0
50	2024878.5
51	1930134.0
52	1795629.0
53	1661124.0
54	1493507.0
55	1325890.0
56	1173647.5
57	1021405.0
58	892135.0
59	762865.0
60	660141.0
61	557417.0
62	476803.0
63	396189.0
64	338496.0
65	280803.0
66	241191.0
67	201579.0
68	173343.0
69	145107.0
70	126761.5
71	108416.0
72	96020.0
73	83624.0
74	75755.5
75	60240.0
76	52593.0
77	46303.5
78	40014.0
79	34848.0
80	29682.0
81	24980.0
82	20278.0
83	16907.5
84	13537.0
85	10889.0
86	8241.0
87	6340.0
88	4439.0
89	3403.0
90	2367.0
91	1732.5
92	1098.0
93	851.5
94	605.0
95	506.0
96	407.0
97	365.0
98	323.0
99	267.5
100	212.0
>>END_MODULE
>>Per base N content	pass
#Base	N-Count
1	0.2792794438804688
2	0.004424083611269461
3	0.00612283394819337
4	0.03892154773754258
5	0.0
6	4.7051717965158635E-4
7	3.666367633648724E-5
8	0.0
9	0.0
10	3.0553063613739374E-6
11	7.974349603185975E-4
12	0.0
13	1.222122544549575E-5
14	1.0999102900946173E-4
15	0.0
16	0.0
17	0.0
18	9.471449720259205E-5
19	8.554857811847024E-5
20	1.1915694809358355E-4
21	0.0
22	0.0
23	0.0
24	2.1692675165754953E-4
25	0.0
26	0.0
27	0.0
28	0.0013871090880637675
29	0.003024753297760198
30	0.002618397551697464
31	7.088310758387534E-4
32	0.004992370594485014
33	3.360836997511331E-4
34	0.004805996906441203
35	2.016502198506798E-4
36	0.003504436396495906
37	4.735724860129602E-4
38	0.006101446803663753
39	0.0025572914244699854
40	0.005096251010771727
41	0.0031683526967447727
42	0.0010051957928920252
43	0.007564938550761869
44	0.004506576883026557
45	0.013602223920836768
46	0.00745800282811378
47	0.0011610164173220961
48	0.0038069117262719255
49	0.0024381344763764017
50	0.0107027381838929
51	0.001405440926232011
>>END_MODULE
>>Sequence Length Distribution	pass
#Length	Count
51	3.2729942E7
>>END_MODULE
>>Sequence Duplication Levels	fail
#Total Deduplicated Percentage	23.55914538418175
#Duplication Level	Percentage of total
1	5.6021552626056845
2	6.509890496194331
3	9.47328075187895
4	11.321978242939817
5	12.230854243501394
6	11.736204364784165
7	10.31929073174463
8	8.39008850781587
9	6.035413244704286
>10	13.875189726152884
>50	0.9457879475001483
>100	1.4950112793038188
>500	0.38743328086605294
>1k	0.9332851859589857
>5k	0.44846405430281455
>10k+	0.29567267974627903
>>END_MODULE
>>Overrepresented sequences	pass
>>END_MODULE
>>Adapter Content	pass
#Position	Illumina Universal Adapter	Illumina Small RNA 3' Adapter	Illumina Small RNA 5' Adapter	Nextera Transposase Sequence	PolyA	PolyG
1	2.138714452961756E-5	0.0	0.0	1.5582062443007078E-4	2.4442450890991494E-4	7.852137348731018E-4
2	3.055306361373937E-5	1.8331838168243624E-5	0.0	1.894289944051841E-4	3.9718982697861183E-4	9.165919084121811E-4
3	3.055306361373937E-5	1.8331838168243624E-5	0.0	1.894289944051841E-4	5.255126941563172E-4	0.0013504454117272801
4	3.055306361373937E-5	1.8331838168243624E-5	0.0	2.3220328346441923E-4	8.585410875460763E-4	0.001958451377640694
5	4.5829595420609055E-5	1.8331838168243624E-5	0.0	2.6581165343953254E-4	0.0016559760478646738	0.0030766935059035544
6	4.5829595420609055E-5	1.8331838168243624E-5	0.0	2.994200234146458E-4	0.0022975903837532006	0.003959677044340622
7	4.5829595420609055E-5	1.8331838168243624E-5	0.0	3.39139006112507E-4	0.0028475455288005094	0.00467156342654075
8	4.5829595420609055E-5	1.8331838168243624E-5	0.0	3.635814570034985E-4	0.0034616621074366706	0.005178744282528823
9	4.5829595420609055E-5	2.4442450890991496E-5	0.0	4.399641160378469E-4	0.0040971658306024495	0.005597321254037052
10	5.4995514504730864E-5	2.4442450890991496E-5	0.0	5.86618821383796E-4	0.006180884769059474	0.006031174757352152
11	5.4995514504730864E-5	2.4442450890991496E-5	0.0	6.599461740567704E-4	0.008664848840856486	0.007265518527347223
12	5.4995514504730864E-5	3.971898269786118E-5	0.0	8.829835384370678E-4	0.011594887641414092	0.007711593256107817
13	5.4995514504730864E-5	3.971898269786118E-5	0.0	0.0010418594692285126	0.015074881587019005	0.008646517002688241
14	5.4995514504730864E-5	3.971898269786118E-5	0.0	0.0011854588682130875	0.019071222307696114	0.00926674419404715
15	5.4995514504730864E-5	3.971898269786118E-5	0.0	0.0013260029608362887	0.024311072717452416	0.009990851801692775
16	7.027204631160056E-5	3.971898269786118E-5	0.0	0.0015093213425187249	0.02838685140352525	0.010574415316715196
17	8.554857811847024E-5	5.194020814335693E-5	0.0	0.0017293034005376484	0.03222737149977229	0.011356573745226924
18	1.0388041628671386E-4	5.194020814335693E-5	0.0	0.00516041244436058	0.03572264197718407	0.011894307664828737
19	1.0999102900946173E-4	8.24932717570963E-5	0.0	0.009636436263773397	0.039645655345188206	0.012658134255172222
20	1.1915694809358355E-4	8.24932717570963E-5	0.0	0.011203808427158226	0.04354117095593998	0.013315025122867618
21	1.1915694809358355E-4	8.24932717570963E-5	0.0	0.011924860728442477	0.047372525133102895	0.014060519875042858
22	1.1915694809358355E-4	8.24932717570963E-5	0.0	0.01361138983992089	0.051533852397294196	0.014772406257242986
23	1.1915694809358355E-4	8.24932717570963E-5	0.0	0.014619640939174288	0.05530104514086826	0.015719551229268908
24	1.1915694809358355E-4	8.24932717570963E-5	0.0	0.016229787391618355	0.060342300637135256	0.01656892639773086
25	1.2221225445495747E-4	8.24932717570963E-5	0.0	0.017986588549408367	0.0640178341898681	0.017176932363644273
26	1.2526756081633142E-4	8.24932717570963E-5	0.0	0.021176328390682758	0.0691660254087832	0.017836878537701044
27	1.2526756081633142E-4	8.24932717570963E-5	0.0	0.05713422895769262	0.07321430633760366	0.018515156549926057
28	1.2832286717770534E-4	8.24932717570963E-5	0.0	0.09451284698274137	0.07681651253766353	0.0191903792557897
29	1.313781735390793E-4	8.24932717570963E-5	0.0	0.130427973260692	0.0809228442873501	0.020024477892444784
30	1.313781735390793E-4	8.24932717570963E-5	0.0	0.16982003817788616	0.08461976498461256	0.020760806725535902
31	1.4054409262320112E-4	8.24932717570963E-5	0.0	0.20757751419174528	0.1691112071020474	0.021549075766770377
32	1.4359939898457504E-4	8.24932717570963E-5	0.0	0.25429009315079143	0.17341002315250054	0.022346510727088976
33	1.5582062443007078E-4	8.24932717570963E-5	0.0	0.3153412248637654	0.17712833099429262	0.023470863468074584
34	1.5887593079144473E-4	8.24932717570963E-5	0.0	0.3938442665129074	0.18178767319538788	0.024243855977502192
35	1.5887593079144473E-4	8.24932717570963E-5	0.0	0.49880320594518623	0.18548459389265035	0.02510545237140964
36	1.5887593079144473E-4	8.24932717570963E-5	0.0	0.6723384966585031	0.18906235764181922	0.02581122814088702
37	1.741524625983144E-4	8.24932717570963E-5	0.0	0.9157272567119122	0.19218488074314338	0.026489506153112033
38	1.741524625983144E-4	8.24932717570963E-5	0.0	1.185666629045661	0.19547239038798175	0.02733277070885124
39	1.741524625983144E-4	1.0388041628671386E-4	0.0	1.463647567722546	0.19903793291170513	0.028157703426422202
40	1.802630753210623E-4	1.0388041628671386E-4	0.0	1.7451787723913474	0.20240182521557784	0.02902235512669103
>>END_MODULE
