##FastQC	0.12.1
>>Basic Statistics	pass
#Measure	Value
Filename	SRR11256133.fastq.gz
File type	Conventional base calls
Encoding	Sanger / Illumina 1.9
Total Sequences	49837774
Total Bases	3 Gbp
Sequences flagged as poor quality	0
Sequence length	61
%GC	52
>>END_MODULE
>>Per base sequence quality	pass
#Base	Mean	Median	Lower Quartile	Upper Quartile	10th Percentile	90th Percentile
1	31.487991437980355	32.0	32.0	32.0	32.0	32.0
2	31.59228750866762	32.0	32.0	32.0	32.0	32.0
3	35.64631544338236	37.0	37.0	37.0	32.0	37.0
4	36.15398382359533	37.0	37.0	37.0	37.0	37.0
5	36.374272554789464	37.0	37.0	37.0	37.0	37.0
6	39.943888986695114	41.0	41.0	41.0	37.0	41.0
7	40.06597317127366	41.0	41.0	41.0	37.0	41.0
8	40.10932685316162	41.0	41.0	41.0	37.0	41.0
9	40.165950991310325	41.0	41.0	41.0	37.0	41.0
10	40.079521027564354	41.0	41.0	41.0	37.0	41.0
11	40.110742225365044	41.0	41.0	41.0	37.0	41.0
12	40.06767976836205	41.0	41.0	41.0	37.0	41.0
13	40.082985287424755	41.0	41.0	41.0	37.0	41.0
14	40.08945772738566	41.0	41.0	41.0	37.0	41.0
15	40.102833986927266	41.0	41.0	41.0	37.0	41.0
16	40.074036031384544	41.0	41.0	41.0	37.0	41.0
17	40.05712626731683	41.0	41.0	41.0	37.0	41.0
18	40.03390715243422	41.0	41.0	41.0	37.0	41.0
19	40.04354813278779	41.0	41.0	41.0	37.0	41.0
20	40.03171018432725	41.0	41.0	41.0	37.0	41.0
21	40.02774202956978	41.0	41.0	41.0	37.0	41.0
22	40.00936556676869	41.0	41.0	41.0	37.0	41.0
23	39.998948689000436	41.0	41.0	41.0	37.0	41.0
24	39.95393411832559	41.0	41.0	41.0	37.0	41.0
25	39.900707603834796	41.0	41.0	41.0	37.0	41.0
26	39.8694542416762	41.0	41.0	41.0	37.0	41.0
27	39.87548683454442	41.0	41.0	41.0	37.0	41.0
28	39.85756374271451	41.0	41.0	41.0	37.0	41.0
29	39.84170520938596	41.0	41.0	41.0	37.0	41.0
30	39.81682358044322	41.0	41.0	41.0	37.0	41.0
31	39.80618608688261	41.0	41.0	41.0	37.0	41.0
32	39.70169070954092	41.0	41.0	41.0	37.0	41.0
33	39.76961113873184	41.0	41.0	41.0	37.0	41.0
34	39.76817146769035	41.0	41.0	41.0	37.0	41.0
35	39.72346034154736	41.0	41.0	41.0	37.0	41.0
36	39.7189535592019	41.0	41.0	41.0	37.0	41.0
37	39.70544167963842	41.0	41.0	41.0	37.0	41.0
38	39.687370728074654	41.0	41.0	41.0	37.0	41.0
39	39.667720171450675	41.0	41.0	41.0	37.0	41.0
40	39.68155606227517	41.0	41.0	41.0	37.0	41.0
41	39.610543580858966	41.0	41.0	41.0	37.0	41.0
42	39.64084070046949	41.0	41.0	41.0	37.0	41.0
43	39.63461201136311	41.0	41.0	41.0	37.0	41.0
44	39.61088238009988	41.0	41.0	41.0	37.0	41.0
45	39.57621231237174	41.0	41.0	41.0	37.0	41.0
46	39.54179103183862	41.0	41.0	41.0	37.0	41.0
47	39.50323325034541	41.0	41.0	41.0	37.0	41.0
48	39.490990749305936	41.0	41.0	41.0	37.0	41.0
49	39.47772197851373	41.0	41.0	41.0	37.0	41.0
50	39.464060513617646	41.0	41.0	41.0	37.0	41.0
51	39.45095914596828	41.0	41.0	41.0	37.0	41.0
52	39.38967613200381	41.0	41.0	41.0	37.0	41.0
53	39.390495109191676	41.0	41.0	41.0	37.0	41.0
54	39.37559303912731	41.0	41.0	41.0	37.0	41.0
55	39.36381368076351	41.0	41.0	41.0	37.0	41.0
56	39.33055860400186	41.0	41.0	41.0	37.0	41.0
57	39.325783430857086	41.0	41.0	41.0	37.0	41.0
58	39.29170213340588	41.0	41.0	41.0	37.0	41.0
59	39.28423432394874	41.0	41.0	41.0	37.0	41.0
60	39.21073146244453	41.0	41.0	41.0	37.0	41.0
61	38.85327649264592	41.0	41.0	41.0	32.0	41.0
>>END_MODULE
>>Per sequence quality scores	pass
#Quality	Count
15	2.0
16	16.0
17	78.0
18	253.0
19	605.0
20	1511.0
21	3376.0
22	6954.0
23	14168.0
24	26024.0
25	46208.0
26	75784.0
27	119221.0
28	175714.0
29	247436.0
30	333483.0
31	433404.0
32	547281.0
33	681312.0
34	840019.0
35	1044165.0
36	1331614.0
37	1788930.0
38	2735027.0
39	6524256.0
40	3.2860933E7
>>END_MODULE
>>Per base sequence content	fail
#Base	G	A	T	C
1	45.00752819130794	17.561202875129048	9.074002514903839	28.357266418659176
2	20.98653966197763	18.66904519545812	31.531907781144046	28.8125073614202
3	22.35186908628784	18.806062646377423	26.365051938314902	32.47701632901983
4	16.43304365971945	14.576936736647156	30.692313248805625	38.297706354827774
5	18.141047304296993	32.135387589487685	31.085034725708155	18.638530380507166
6	37.7620617646366	30.60155535839141	14.72461631211699	16.911766564855004
7	32.58063624155008	26.945445155942103	18.16228995877564	22.311628643732174
8	28.885210996217765	30.53377564357983	18.420189303210073	22.160824056992336
9	26.155357750441745	13.439747270260735	19.16205320159096	41.24284177770656
10	18.79804879622668	24.79907448464715	30.523620981502237	25.879255737623936
11	38.82326990271687	20.2918056369723	18.680634990807686	22.204289469503145
12	23.42833512857238	23.242023145119965	26.599806402319672	26.729835323987977
13	33.14327000238815	18.190417172323947	21.16824880661805	27.498064018669854
14	23.08404263801991	19.329384574840763	22.858609214769505	34.72796357236982
15	27.050694519382024	25.870906674122324	19.812548208914787	27.265850597580865
16	26.483973782617177	24.783669110101105	22.7319663193625	26.00039078791922
17	25.769606404543655	24.453967683607996	24.03311691180746	25.74330900004089
18	25.637894661988714	24.24896023646642	24.517587803981776	25.595557297563087
19	26.20059435238821	23.88202571005679	23.87378898584034	26.043590951714656
20	26.05608478390682	24.121278725207553	24.036724363213757	25.785912127671867
21	26.103069932457256	23.67435592127369	23.527385071411896	26.695189074857158
22	26.2447777061632	24.210776348076863	23.514689881614697	26.029756064145243
23	26.385839383596867	24.043676188266357	23.23725574099678	26.333228687139997
24	26.447919507624857	23.950421289853743	23.569619855915967	26.032039346605433
25	26.49429311818273	23.659529926695104	23.410151251485303	26.43602570363687
26	26.027806463386945	23.820411465508393	23.828829032197543	26.322953038907116
27	26.03302777844383	23.664929061296814	23.668799621652223	26.633243538607132
28	25.534693569598836	23.859856014171434	24.003827796512763	26.601622619716963
29	25.981308876275257	23.700799718703326	23.87671447765705	26.441176927364374
30	25.782881073299947	23.766715584046754	24.06835225024296	26.382051092410347
31	26.29001873036254	23.56080354850526	23.716898932593068	26.432278788539133
32	25.846876796032976	23.82858995859464	23.970854982878574	26.35367826249381
33	25.879459252657504	23.56525474577151	24.0759768889557	26.479309112615283
34	25.753262349373113	23.656915317867753	24.343223131955725	26.24659920080341
35	25.715759295348946	23.545100549635304	24.198937938118988	26.540202216896763
36	25.42609748180166	23.71178134882188	24.413889352281263	26.448231817095202
37	25.43314033247151	23.42854237430428	24.338081391837445	26.800235901386767
38	25.267886162010367	23.575440989800224	24.76800829828395	26.38866454990546
39	25.64665066429892	23.13818169961198	24.731654338823798	26.483513297265297
40	25.619400657822318	22.99068573969616	25.09706994537918	26.292843657102345
41	25.369702203443456	22.696154954193055	24.999895139584265	26.934247702779224
42	25.124653440581035	22.963487494445477	25.10690385168487	26.80495521328862
43	25.069511237744575	22.506369434739316	25.607696995994495	26.816422331521615
44	24.826265334539706	22.47481675040951	25.97063070509246	26.728287209958317
45	24.601631491195313	22.519279973528853	26.22207832626573	26.657010209010103
46	23.957913930907107	22.419873728710275	26.505357161417365	27.116855178965256
47	23.814275728119185	22.799965503897326	26.414820771357096	26.970937996626397
48	23.56824145412214	23.075395180359493	26.518001276314557	26.83836208920381
49	23.817062937040486	23.354225250911085	26.121447559034237	26.70726425301419
50	23.495116951400224	23.93792085226899	26.102154463842435	26.46480773248835
51	23.33362641758438	23.99520893529474	25.864515939255234	26.806648707865644
52	23.094711252553136	24.242778178656213	25.810520750786342	26.851989818004313
53	22.998700898648103	23.760034807504898	26.086464400882804	27.154799892964192
54	22.920096712184616	23.970386398076286	25.8927595763005	27.2167573134386
55	22.847324281870563	23.4391487901103	25.78269727271248	27.93082965530666
56	22.89245803268245	23.462318696978386	25.419019030443867	28.226204239895296
57	22.792443450321173	23.498781205548276	25.278961106046232	28.429814238084315
58	23.051623024075504	23.56954769413135	25.47264022425864	27.906189057534505
59	23.26963388972528	23.466511039852385	25.28748321784724	27.976371852575095
60	23.04147441396577	23.364011899605636	25.231868023869037	28.362645662559554
61	23.43306645099206	23.37640812328239	24.8037541218803	28.386771303845254
>>END_MODULE
>>Per sequence GC content	pass
#GC Content	Count
0	194.0
1	142.0
2	195.5
3	301.0
4	451.5
5	602.0
6	947.5
7	1874.5
8	2456.0
9	3324.5
10	4193.0
11	5381.0
12	8434.5
13	10300.0
14	13715.5
15	17131.0
16	22344.5
17	35081.0
18	42604.0
19	53903.0
20	81527.0
21	97852.0
22	118618.5
23	139385.0
24	167798.5
25	235910.5
26	275609.0
27	326183.5
28	376758.0
29	441155.0
30	581325.0
31	657098.0
32	758526.5
33	859955.0
34	977855.0
35	1199360.0
36	1302965.0
37	1421796.0
38	1540627.0
39	1613257.5
40	1729556.0
41	1773224.0
42	1862778.0
43	2058137.0
44	2163942.0
45	2255443.5
46	2346945.0
47	2424228.0
48	2563575.5
49	2625640.0
50	2660079.5
51	2694519.0
52	2653395.0
53	2530513.0
54	2448755.0
55	2354339.0
56	2259923.0
57	2158325.0
58	1951319.5
59	1845912.0
60	1757379.5
61	1584507.5
62	1500168.0
63	1426585.5
64	1353003.0
65	1293233.5
66	1180694.0
67	1127924.0
68	1083303.5
69	1038683.0
70	993163.5
71	904044.0
72	860444.0
73	813959.5
74	767475.0
75	729125.0
76	640542.0
77	590309.0
78	543438.5
79	496568.0
80	448828.0
81	360133.5
82	319179.0
83	278041.0
84	202889.5
85	168876.0
86	138647.0
87	108418.0
88	87299.0
89	50386.5
90	34593.0
91	25955.0
92	17317.0
93	12952.5
94	6314.0
95	4040.0
96	2977.0
97	1914.0
98	1477.5
99	762.0
100	483.0
>>END_MODULE
>>Per base N content	pass
#Base	N-Count
1	0.5259484502658566
2	4.895884796138768E-4
3	0.0
4	1.484817520140446E-4
5	0.009071432443993185
6	0.0
7	0.005369421194453829
8	1.1236456909170942E-4
9	0.0010132876319877368
10	5.417577438350276E-5
11	0.0031863381378149035
12	8.026040649407816E-4
13	0.0
14	0.0
15	0.0
16	0.0
17	3.130155853269049E-4
18	0.0
19	0.0
20	2.8091142272927356E-5
21	0.0
22	0.0
23	0.0
24	0.0026124762313822444
25	6.280376808161616E-4
26	0.0030478889366126185
27	5.818879470820667E-5
28	0.004643064515682422
29	0.0
30	0.0
31	0.0031682795463537357
32	0.0010173006523124409
33	6.079725791926421E-4
34	4.494582763668377E-4
35	0.0
36	0.0
37	0.0
38	0.0
39	0.002807107717130384
40	0.0
41	0.019320686353286966
42	0.0
43	2.9897001419044116E-4
44	5.658358657832511E-4
45	0.0047835202270470585
46	0.0
47	5.216926422115081E-4
48	0.0010634503860465357
49	0.0
50	7.283631889337594E-4
51	0.0
52	0.0
53	4.936014999385807E-4
54	0.0
55	0.0020887770790083845
56	0.0034752756011935844
57	4.013020324703908E-6
58	0.0077972984908996935
59	0.0012119321380605803
60	3.130155853269049E-4
61	0.004424354907986059
>>END_MODULE
>>Sequence Length Distribution	pass
#Length	Count
61	4.9837774E7
>>END_MODULE
>>Sequence Duplication Levels	fail
#Total Deduplicated Percentage	18.386884269434553
#Duplication Level	Percentage of total
1	4.604669072180653
2	3.267555617255533
3	5.288087290394048
4	7.036547310558526
5	8.316000395174633
6	8.643650908763897
7	8.369792293883776
8	7.745454561941288
9	6.875352923296461
>10	36.20263982678798
>50	1.5364693688572209
>100	1.2172662530414597
>500	0.19379666915163352
>1k	0.43855421240028514
>5k	0.10613930654550234
>10k+	0.15802398976708032
>>END_MODULE
>>Overrepresented sequences	pass
>>END_MODULE
>>Adapter Content	fail
#Position	Illumina Universal Adapter	Illumina Small RNA 3' Adapter	Illumina Small RNA 5' Adapter	Nextera Transposase Sequence	PolyA	PolyG
1	5.818879470820667E-5	0.0	0.0	0.002756944963071585	5.397512336726757E-4	0.001358407379912273
2	5.818879470820667E-5	0.0	0.0	0.0028492444305397747	6.059660690302902E-4	0.0015450128250110047
3	5.818879470820667E-5	0.0	0.0	0.00289539416427387	6.521158027643851E-4	0.0020787445281966245
4	5.818879470820667E-5	0.0	0.0	0.0029876936317420597	8.166496360772454E-4	0.0033388329101536516
5	6.0195304870558624E-5	0.0	0.0	0.0030739735687231938	0.0011718019348135413	0.004711285861202388
6	6.0195304870558624E-5	0.0	0.0	0.0030980516906714173	0.001438667786406351	0.00619209036101813
7	6.0195304870558624E-5	0.0	0.0	0.0031241363227819926	0.0017235922294603287	0.007070941812128286
8	6.420832519526253E-5	0.0	0.0	0.0031502209548925682	0.0020245687538131218	0.007837428694146734
9	6.420832519526253E-5	0.0	0.0	0.003290676666257205	0.0024700140098552555	0.008728319206231001
10	6.420832519526253E-5	1.2039060974111725E-5	0.0	0.0035695815788241263	0.0034311323776218417	0.009679405023185827
11	6.420832519526253E-5	1.2039060974111725E-5	0.0	0.0037862846763581375	0.005018281916042237	0.011844429488363586
12	6.420832519526253E-5	1.2039060974111725E-5	0.0	0.0040210463653533165	0.006906407978815426	0.012807554366292523
13	6.420832519526253E-5	1.2039060974111725E-5	0.0	0.004237749462887327	0.009207875135033117	0.014402729945362326
14	6.420832519526253E-5	1.2039060974111725E-5	0.0	0.004518660885616601	0.012478486699666802	0.015409998046863008
15	6.420832519526253E-5	1.2039060974111725E-5	0.0	0.004883845735164656	0.015949749280535684	0.01739443659742909
16	6.420832519526253E-5	1.2039060974111725E-5	0.0	0.005267089176173879	0.019553441532119794	0.019196282723221145
17	6.420832519526253E-5	1.2039060974111725E-5	0.0	0.005598163352961952	0.02267155832441473	0.021527847531874117
18	6.621483535761449E-5	1.2039060974111725E-5	0.0	0.00871628014525689	0.02678691066739859	0.024023946173839947
19	6.621483535761449E-5	1.2039060974111725E-5	0.0	0.013668347225941511	0.03111896610791646	0.02640968675687642
20	6.621483535761449E-5	1.2039060974111725E-5	0.0	0.01674834032515176	0.03452200734326537	0.028929863520790477
21	6.621483535761449E-5	1.2039060974111725E-5	0.0	0.018233157845292208	0.039092837493103126	0.03225264434964531
22	6.822134551996643E-5	2.809114227292736E-5	0.0	0.023108977539807455	0.043386769240536305	0.035097875759860384
23	6.822134551996643E-5	2.809114227292736E-5	0.0	0.02520979367978995	0.04757234943920248	0.03778860588757435
24	6.822134551996643E-5	2.809114227292736E-5	0.0	0.029044234600044537	0.05439649050136148	0.0400920795539544
25	6.822134551996643E-5	2.809114227292736E-5	0.0	0.03311143069913195	0.058345302500870125	0.042556074033322594
26	7.02278556823184E-5	2.809114227292736E-5	0.0	0.05227360274959311	0.0634458513335688	0.045160524224055434
27	7.02278556823184E-5	2.809114227292736E-5	0.0	0.23644113800106722	0.06769563985743023	0.047825169719658826
28	7.223436584467035E-5	2.809114227292736E-5	0.0	0.38509344337891177	0.07138159902567077	0.05033932695308583
29	7.223436584467035E-5	2.809114227292736E-5	0.0	0.4968139227085062	0.07601864401086614	0.05312035003810563
30	7.223436584467035E-5	2.809114227292736E-5	0.0	0.6002936648013212	0.07945178289865033	0.05540977813334921
31	7.42408760070223E-5	2.809114227292736E-5	0.0	0.6841236528742235	0.08366144121926473	0.0577533820029763
32	7.624738616937426E-5	2.809114227292736E-5	0.0	0.7817223136811848	0.08783297584679445	0.05974785310435414
33	7.624738616937426E-5	2.809114227292736E-5	0.0	0.89567001929099	0.0921108555129288	0.061850675754498985
34	7.624738616937426E-5	2.809114227292736E-5	0.0	1.0672487097838679	0.09780131833335895	0.06395751142496854
35	8.026040649407816E-5	2.809114227292736E-5	0.0	1.3380914645184594	0.10179828657676404	0.06605230803446398
36	8.026040649407816E-5	2.809114227292736E-5	0.0	1.8237431711938017	0.10607415973273605	0.06803273356470536
37	8.226691665643012E-5	2.809114227292736E-5	0.0	2.5114183470553884	0.10958956553717668	0.06961988310312575
38	8.226691665643012E-5	2.809114227292736E-5	0.0	3.215183727908875	0.11352834498587357	0.0713515013732355
39	8.226691665643012E-5	2.809114227292736E-5	0.0	3.895791974978658	0.11748718953619397	0.07349646073678973
40	8.226691665643012E-5	2.809114227292736E-5	0.0	4.633551651002711	0.12093437399511463	0.07556918573449929
41	8.226691665643012E-5	2.809114227292736E-5	0.0	5.498024450289453	0.12454609228734814	0.07764993677285828
42	8.226691665643012E-5	2.809114227292736E-5	0.0	6.5411187907389285	0.12842868945149918	0.07968052505715845
43	8.427342681878207E-5	2.809114227292736E-5	0.0	7.5364862804667	0.13201231660145976	0.08158069018090575
44	8.427342681878207E-5	2.809114227292736E-5	0.0	8.325670805441671	0.13522072635106056	0.08351295946725068
45	8.627993698113403E-5	2.809114227292736E-5	0.0	9.094878515240268	0.13841910354984957	0.08549338499749207
46	8.828644714348599E-5	2.809114227292736E-5	0.0	9.843581697689789	0.14133857583607165	0.08745374542610992
47	8.828644714348599E-5	2.809114227292736E-5	0.0	10.508378644680239	0.1452211730002227	0.08913520094216086
48	9.029295730583794E-5	2.809114227292736E-5	0.0	11.090218435518409	0.15040398874957778	0.09084474760048472
49	9.63124877928938E-5	2.809114227292736E-5	0.0	11.619389341105002	0.15401771355197366	0.09281915360023905
50	9.63124877928938E-5	2.809114227292736E-5	0.0	12.166588740500329	0.15789629769579996	0.09467718201057695
>>END_MODULE
