##FastQC	0.12.1
>>Basic Statistics	pass
#Measure	Value
Filename	SRR11256211.fastq.gz
File type	Conventional base calls
Encoding	Sanger / Illumina 1.9
Total Sequences	26573557
Total Bases	1.3 Gbp
Sequences flagged as poor quality	0
Sequence length	51
%GC	44
>>END_MODULE
>>Per base sequence quality	pass
#Base	Mean	Median	Lower Quartile	Upper Quartile	10th Percentile	90th Percentile
1	31.649338137156423	32.0	32.0	32.0	32.0	32.0
2	31.705892967207966	32.0	32.0	32.0	32.0	32.0
3	35.64405529150652	37.0	37.0	37.0	32.0	37.0
4	36.24168864559607	37.0	37.0	37.0	37.0	37.0
5	36.41200509965602	37.0	37.0	37.0	37.0	37.0
6	40.08740602547111	41.0	41.0	41.0	37.0	41.0
7	40.19129226847576	41.0	41.0	41.0	37.0	41.0
8	40.223946158205315	41.0	41.0	41.0	41.0	41.0
9	40.229578524244985	41.0	41.0	41.0	41.0	41.0
10	40.15276833282048	41.0	41.0	41.0	41.0	41.0
11	40.20965552334601	41.0	41.0	41.0	41.0	41.0
12	40.230184540217934	41.0	41.0	41.0	41.0	41.0
13	40.22387217488423	41.0	41.0	41.0	41.0	41.0
14	40.214898479718016	41.0	41.0	41.0	41.0	41.0
15	40.22810928171942	41.0	41.0	41.0	41.0	41.0
16	40.20995706370811	41.0	41.0	41.0	41.0	41.0
17	40.208086632888474	41.0	41.0	41.0	41.0	41.0
18	40.195378736839785	41.0	41.0	41.0	41.0	41.0
19	40.205456988689924	41.0	41.0	41.0	41.0	41.0
20	40.198047329531384	41.0	41.0	41.0	41.0	41.0
21	40.11554678208868	41.0	41.0	41.0	41.0	41.0
22	40.12390132792535	41.0	41.0	41.0	37.0	41.0
23	40.084464943853774	41.0	41.0	41.0	37.0	41.0
24	40.079420192035265	41.0	41.0	41.0	37.0	41.0
25	40.125944411581784	41.0	41.0	41.0	37.0	41.0
26	40.06369169923319	41.0	41.0	41.0	37.0	41.0
27	40.05069279961279	41.0	41.0	41.0	37.0	41.0
28	40.04348382867977	41.0	41.0	41.0	37.0	41.0
29	40.00484443990693	41.0	41.0	41.0	37.0	41.0
30	39.9903374621621	41.0	41.0	41.0	37.0	41.0
31	39.9459839343299	41.0	41.0	41.0	37.0	41.0
32	39.9548504552853	41.0	41.0	41.0	37.0	41.0
33	39.950893928125616	41.0	41.0	41.0	37.0	41.0
34	39.9303557291935	41.0	41.0	41.0	37.0	41.0
35	39.93275311242677	41.0	41.0	41.0	37.0	41.0
36	39.9118156067703	41.0	41.0	41.0	37.0	41.0
37	39.814436509195964	41.0	41.0	41.0	37.0	41.0
38	39.85595195253688	41.0	41.0	41.0	37.0	41.0
39	39.856792976566894	41.0	41.0	41.0	37.0	41.0
40	39.838213378811126	41.0	41.0	41.0	37.0	41.0
41	39.830449532969936	41.0	41.0	41.0	37.0	41.0
42	39.823908444022	41.0	41.0	41.0	37.0	41.0
43	39.80386381845682	41.0	41.0	41.0	37.0	41.0
44	39.78709489286662	41.0	41.0	41.0	37.0	41.0
45	39.77589556415048	41.0	41.0	41.0	37.0	41.0
46	39.76298035675089	41.0	41.0	41.0	37.0	41.0
47	39.736468550296074	41.0	41.0	41.0	37.0	41.0
48	39.696320180245344	41.0	41.0	41.0	37.0	41.0
49	39.68059571400246	41.0	41.0	41.0	37.0	41.0
50	39.6661496991163	41.0	41.0	41.0	37.0	41.0
51	38.54415974496752	41.0	41.0	41.0	32.0	41.0
>>END_MODULE
>>Per sequence quality scores	pass
#Quality	Count
13	1.0
14	1.0
15	1.0
16	2.0
17	21.0
18	30.0
19	76.0
20	230.0
21	514.0
22	1256.0
23	2984.0
24	6518.0
25	13203.0
26	24294.0
27	41592.0
28	65617.0
29	96888.0
30	135582.0
31	182176.0
32	236638.0
33	301282.0
34	378569.0
35	478995.0
36	615793.0
37	837366.0
38	1334685.0
39	3605196.0
40	1.8214047E7
>>END_MODULE
>>Per base sequence content	warn
#Base	G	A	T	C
1	37.438199878126355	25.782692277187525	13.030555485118406	23.748552359567714
2	16.13367922210575	25.181495201727195	38.675815587378516	20.00900998878854
3	18.54970715779836	25.303485449711804	30.41294447767552	25.733862914814313
4	14.025088925806958	19.252992740113793	37.34837229355483	29.373546040524424
5	14.396586912838924	36.161889077451995	35.209153457099085	14.232370552609991
6	29.165613771615146	36.07450067749681	20.29049780576985	14.469387745118201
7	26.414579073221745	31.089823520320458	24.589914456639406	17.905682949818395
8	21.304387143355335	36.84778413135709	25.039318863650312	16.808509861637262
9	22.031322340475533	19.616846927944195	27.29330138227261	31.058529349307662
10	15.984351659123327	29.758039121002717	35.13937090532722	19.118238314546733
11	28.862459022704414	26.054227516474366	25.866913488472772	19.21639997234845
12	17.353510484125252	28.212515923254085	33.82833920201199	20.605634390608678
13	25.904765495922504	24.040604242231566	27.2296951693858	22.824935092460127
14	19.331341302935094	24.72791278939436	27.866269464791632	28.07447644287891
15	22.12954027945901	30.484947875062417	24.487704073639822	22.89780777183875
16	21.68666973011811	29.55260375246585	27.03544314972582	21.725283367690228
17	21.809439737072925	28.643945092267277	27.80821626034886	21.738398910310938
18	21.639590815787287	28.4447994673803	28.715083193416675	21.20052652341574
19	22.754424633480568	27.521276131757595	27.650445892508856	22.073853342252978
20	22.368089450727275	28.09480115891147	27.831979738354185	21.70512965200707
21	22.72818049913303	27.436394758895094	27.01166426459205	22.823760477379825
22	22.28670403439028	28.208075418732992	27.44806049111152	22.05716005576521
23	22.666480065126397	27.608957280352044	26.897720165952943	22.826842488568616
24	22.045844295515273	28.107919462945812	27.732918856139584	22.113317385399327
25	22.516263065573046	27.757142184616086	27.362497990013157	22.364096759797718
26	21.72212871016443	28.185096599362698	28.20840175514579	21.884372935327082
27	22.238400376735417	27.84503406901831	27.700077938380623	22.216487615865653
28	21.75893501950078	28.06897473304007	28.019877052966603	22.152213194492553
29	22.47598242117154	27.76288849851753	27.52626605463469	22.234863025676237
30	22.057175602974723	28.01550205915652	27.709087797310268	22.218234540558484
31	22.74041957276501	27.600964681676015	27.291257311646376	22.367358433912603
32	22.10451540228506	27.98588085140427	27.668651961045338	22.24095178526533
33	22.125126116913894	27.743455646528613	27.596267974212108	22.535150262345383
34	21.986773259314564	28.03813507020544	27.833679041930587	22.14141262854941
35	22.14535299132141	27.92221229547855	27.63878016029243	22.29365455290761
36	21.592754782508038	28.13668113756845	28.10695986239253	22.16360421753098
37	21.86005057584124	27.75034595481516	27.86581036178183	22.523793107561776
38	21.597527209516286	27.961450877159177	28.31578347631526	22.12523843700928
39	22.199979600370508	27.522901595123056	28.02948988505825	22.247628919448186
40	22.0847702097239	27.533122494666408	28.282931788168213	22.099175507441476
41	22.195873138097394	27.22146681379538	28.01156427797754	22.57109577012968
42	21.67605563681219	27.576797490828948	28.20158400322546	22.545562869133402
43	21.805215273772234	27.08880531219096	28.156610646023623	22.949368768013187
44	21.36852059361116	27.104045574327895	28.550818394391086	22.97661543766986
45	21.544659030596165	26.710947074848324	28.772415917073562	22.97197797748195
46	21.3414335160325	26.55068721135074	29.237233841145166	22.870645431471594
47	21.304537537412667	26.48563581349955	29.442075025340042	22.767751623747746
48	20.696742983953655	26.494489891026312	29.662120369152724	23.14664675586731
49	20.82946042620217	26.458750697875917	29.557376200312703	23.154412675609212
50	20.388680016094334	26.927933441823086	29.678718401958292	23.004668140124284
51	20.49370357156176	26.870704588023347	29.552603740628324	23.082988099786565
>>END_MODULE
>>Per sequence GC content	pass
#GC Content	Count
0	585.0
1	741.5
2	898.0
3	1280.0
4	1662.0
5	2250.0
6	2838.0
7	3931.0
8	5024.0
9	7186.5
10	9349.0
11	12731.0
12	16113.0
13	22530.0
14	28947.0
15	39124.5
16	49302.0
17	65948.0
18	82594.0
19	107987.5
20	133381.0
21	169391.0
22	205401.0
23	253453.0
24	301505.0
25	367100.5
26	514727.0
27	596758.0
28	697119.0
29	797480.0
30	919061.5
31	1040643.0
32	1170068.0
33	1299493.0
34	1425890.0
35	1552287.0
36	1630039.5
37	1707792.0
38	1747432.5
39	1787073.0
40	1798481.5
41	1809890.0
42	1822650.5
43	1835411.0
44	1832897.0
45	1830383.0
46	1808066.0
47	1785749.0
48	1736965.0
49	1688181.0
50	1616553.0
51	1544925.0
52	1430007.5
53	1315090.0
54	1198489.5
55	1081889.0
56	971884.5
57	861880.0
58	765662.0
59	669444.0
60	589487.0
61	509530.0
62	447765.0
63	386000.0
64	339194.0
65	292388.0
66	257865.5
67	223343.0
68	197432.0
69	171521.0
70	150840.5
71	130160.0
72	116587.0
73	103014.0
74	92168.5
75	71932.5
76	62542.0
77	54653.0
78	46764.0
79	40358.5
80	33953.0
81	28440.5
82	22928.0
83	18913.0
84	14898.0
85	12162.0
86	9426.0
87	7197.0
88	4968.0
89	3864.5
90	2761.0
91	2069.0
92	1377.0
93	1073.0
94	769.0
95	625.0
96	481.0
97	464.5
98	448.0
99	374.0
100	300.0
>>END_MODULE
>>Per base N content	pass
#Base	N-Count
1	0.12401049660005997
2	0.06993794620720138
3	0.0013998878659714242
4	0.0
5	2.935248751230405E-4
6	0.0
7	6.0210230794469854E-5
8	0.0016332025102999948
9	0.0
10	1.8815697123271827E-5
11	0.0
12	0.0
13	0.0014036510053960784
14	0.0
15	0.0
16	1.655781346847921E-4
17	3.951296395887084E-4
18	0.0
19	0.0
20	0.0
21	0.0
22	0.0
23	0.0
24	0.0
25	0.0
26	1.429992981368659E-4
27	0.0
28	0.0
29	0.0
30	2.0697266835599014E-4
31	0.025837715289676877
32	0.0
33	0.0
34	4.4028731268456084E-4
35	0.0
36	0.0
37	0.0
38	0.0018853328517518374
39	0.016734681021437967
40	0.0
41	0.0
42	0.0
43	0.01686639090130087
44	0.0
45	1.0913104331497661E-4
46	0.0
47	7.526278849308732E-6
48	0.016523945213657323
49	2.4460406260253377E-4
50	8.768114859444673E-4
51	0.0
>>END_MODULE
>>Sequence Length Distribution	pass
#Length	Count
51	2.6573557E7
>>END_MODULE
>>Sequence Duplication Levels	fail
#Total Deduplicated Percentage	47.19452430918631
#Duplication Level	Percentage of total
1	23.127035934877906
2	22.50086819711926
3	18.919556316633486
4	13.246204454528215
5	8.099910421914414
6	4.572654874349928
7	2.518810904876081
8	1.4298173553121793
9	0.8750451789224517
>10	2.604518704692499
>50	0.49309569127499897
>100	0.7497130045351906
>500	0.24527128925444053
>1k	0.5656522724523664
>5k	0.05184539925659473
>10k+	0.0
>>END_MODULE
>>Overrepresented sequences	pass
>>END_MODULE
>>Adapter Content	pass
#Position	Illumina Universal Adapter	Illumina Small RNA 3' Adapter	Illumina Small RNA 5' Adapter	Nextera Transposase Sequence	PolyA	PolyG
1	5.644709136981549E-5	0.0	0.0	1.5805185583548338E-4	0.0017310441353410083	4.2523475498594337E-4
2	5.644709136981549E-5	0.0	0.0	1.768675529587552E-4	0.0024008829529294853	4.892081252050675E-4
3	5.644709136981549E-5	0.0	0.0	1.994463895066814E-4	0.0028938542175592076	6.623125387391684E-4
4	6.0210230794469854E-5	0.0	0.0	2.5213034145184254E-4	0.003823349655448836	0.0010085213658073701
5	6.0210230794469854E-5	0.0	0.0	2.747091779997687E-4	0.006017259940022331	0.0016332025102999948
6	6.0210230794469854E-5	0.0	0.0	3.08577432821658E-4	0.008030539532212416	0.0021826208662995322
7	6.0210230794469854E-5	0.0	0.0	3.2739312994492986E-4	0.009445479955882458	0.0026454870155320194
8	6.0210230794469854E-5	0.0	0.0	3.4997196649285604E-4	0.01085289410070319	0.0029766432849016033
9	6.0210230794469854E-5	0.0	0.0	5.3436579830092E-4	0.012030756740620008	0.0034696145495313256
10	6.0210230794469854E-5	3.763139424654366E-6	0.0	6.886545147117489E-4	0.014781611660042349	0.00409429569402395
11	7.902592791774169E-5	3.763139424654366E-6	0.0	7.262859089582927E-4	0.017329257050533356	0.005166790430050444
12	9.031534619170478E-5	3.763139424654366E-6	0.0	7.601541637801819E-4	0.02032471603255823	0.005953286569803207
13	9.407848561635915E-5	3.763139424654366E-6	0.0	8.166012551499974E-4	0.023926040461952458	0.007379516411747212
14	9.407848561635915E-5	1.1289418273963098E-5	0.0	9.182060196156653E-4	0.027493496636524797	0.008252564758267024
15	9.407848561635915E-5	1.1289418273963098E-5	0.0	9.897056686840983E-4	0.03179476499890474	0.009833083316621858
16	1.0160476446566788E-4	1.1289418273963098E-5	0.0	0.0011176524091223467	0.035505220471613946	0.010973314562292131
17	1.0913104331497661E-4	1.1289418273963098E-5	0.0	0.0011966783370400884	0.03871517840084412	0.01213612464451033
18	1.0913104331497661E-4	1.1289418273963098E-5	0.0	0.0014864400727384746	0.04198910970029342	0.01326506647190664
19	1.0913104331497661E-4	1.1289418273963098E-5	0.0	0.001685886462245156	0.04513133111987981	0.014439165972398802
20	1.0913104331497661E-4	1.1289418273963098E-5	0.0	0.002803538871367503	0.04828107881831552	0.015744975352753866
21	1.0913104331497661E-4	2.634197597258056E-5	0.0	0.0032024316503808654	0.051521141862942925	0.017208836588944416
22	1.0913104331497661E-4	2.634197597258056E-5	0.0	0.006950518517336614	0.054881625369159276	0.01822864737302575
23	1.0913104331497661E-4	2.634197597258056E-5	0.0	0.00803430267163707	0.05811792527436203	0.01947048338316169
24	1.2418360101359408E-4	2.634197597258056E-5	0.0	0.014800427357165621	0.06218964213183805	0.02086660810970846
25	1.2418360101359408E-4	2.634197597258056E-5	0.0	0.016802417531081745	0.06547862598898598	0.022187470047762142
26	1.2418360101359408E-4	2.634197597258056E-5	0.0	0.026059740515731483	0.06904231902413366	0.02329759617803518
27	1.2418360101359408E-4	3.386825482188929E-5	7.526278849308732E-6	0.03505740688008007	0.07213561963119954	0.024355038356363056
28	1.4676243756152026E-4	4.139453367119802E-5	7.526278849308732E-6	0.054208023412146145	0.07490905338716981	0.02546892762606075
29	1.5805185583548338E-4	4.139453367119802E-5	7.526278849308732E-6	0.07260601205928134	0.078216852941441	0.02692526258340199
30	1.5805185583548338E-4	4.139453367119802E-5	7.526278849308732E-6	0.09987748346975153	0.08121231192346587	0.028024099295401065
31	1.5805185583548338E-4	4.139453367119802E-5	7.526278849308732E-6	0.12930899690997333	0.08447119066521655	0.02911540972855083
32	1.5805185583548338E-4	4.139453367119802E-5	7.526278849308732E-6	0.18000601123891694	0.08757578069055641	0.030146509930906125
33	1.5805185583548338E-4	4.139453367119802E-5	7.526278849308732E-6	0.2601006707532605	0.09036803014364994	0.031109873623617643
34	1.5805185583548338E-4	4.139453367119802E-5	7.526278849308732E-6	0.3814280489435419	0.09371346109216767	0.03223881545101395
35	1.5805185583548338E-4	4.139453367119802E-5	7.526278849308732E-6	0.5134352168209924	0.09617079113646698	0.03345054634575266
36	1.5805185583548338E-4	4.139453367119802E-5	7.526278849308732E-6	0.6930799666751425	0.09878617303660177	0.034564435615450355
37	1.5805185583548338E-4	5.268395194516112E-5	1.5052557698617463E-5	0.910544267747069	0.10114566145586006	0.03581003476501095
38	1.655781346847921E-4	6.0210230794469854E-5	1.5052557698617463E-5	1.1529167886707827	0.10412230474076166	0.03686371380391417
39	1.655781346847921E-4	6.0210230794469854E-5	1.5052557698617463E-5	1.4398636960795275	0.10701239581889621	0.03772170959273537
40	1.655781346847921E-4	6.397337021912422E-5	1.5052557698617463E-5	1.809720091292257	0.10942833132952431	0.03887699339610425
>>END_MODULE
