##FastQC	0.12.1
>>Basic Statistics	pass
#Measure	Value
Filename	SRR11256209.fastq.gz
File type	Conventional base calls
Encoding	Sanger / Illumina 1.9
Total Sequences	27852222
Total Bases	1.4 Gbp
Sequences flagged as poor quality	0
Sequence length	51
%GC	42
>>END_MODULE
>>Per base sequence quality	pass
#Base	Mean	Median	Lower Quartile	Upper Quartile	10th Percentile	90th Percentile
1	31.632300360093353	32.0	32.0	32.0	32.0	32.0
2	31.692874090979167	32.0	32.0	32.0	32.0	32.0
3	35.58971295001167	37.0	37.0	37.0	32.0	37.0
4	36.20568958555623	37.0	37.0	37.0	37.0	37.0
5	36.386413622582786	37.0	37.0	37.0	37.0	37.0
6	40.06404738551919	41.0	41.0	41.0	37.0	41.0
7	40.17068444305808	41.0	41.0	41.0	37.0	41.0
8	40.20688058568541	41.0	41.0	41.0	41.0	41.0
9	40.2044439039729	41.0	41.0	41.0	41.0	41.0
10	40.13629716867832	41.0	41.0	41.0	41.0	41.0
11	40.18818850431395	41.0	41.0	41.0	41.0	41.0
12	40.21222048280385	41.0	41.0	41.0	41.0	41.0
13	40.20517558706806	41.0	41.0	41.0	41.0	41.0
14	40.1958133178746	41.0	41.0	41.0	41.0	41.0
15	40.21043865010124	41.0	41.0	41.0	41.0	41.0
16	40.19223001310272	41.0	41.0	41.0	41.0	41.0
17	40.189337317503785	41.0	41.0	41.0	41.0	41.0
18	40.175063088323796	41.0	41.0	41.0	41.0	41.0
19	40.18470454529624	41.0	41.0	41.0	41.0	41.0
20	40.17893301295674	41.0	41.0	41.0	41.0	41.0
21	40.09567592129633	41.0	41.0	41.0	37.0	41.0
22	40.10403679821308	41.0	41.0	41.0	37.0	41.0
23	40.06416306749242	41.0	41.0	41.0	37.0	41.0
24	40.06142486585092	41.0	41.0	41.0	37.0	41.0
25	40.10543481952715	41.0	41.0	41.0	37.0	41.0
26	40.04102153860471	41.0	41.0	41.0	37.0	41.0
27	40.02816051803695	41.0	41.0	41.0	37.0	41.0
28	40.022161607070345	41.0	41.0	41.0	37.0	41.0
29	39.9819735028681	41.0	41.0	41.0	37.0	41.0
30	39.97196273963348	41.0	41.0	41.0	37.0	41.0
31	39.9205967839837	41.0	41.0	41.0	37.0	41.0
32	39.93157720055513	41.0	41.0	41.0	37.0	41.0
33	39.92639761380618	41.0	41.0	41.0	37.0	41.0
34	39.90517797825969	41.0	41.0	41.0	37.0	41.0
35	39.90702497631966	41.0	41.0	41.0	37.0	41.0
36	39.88754089350573	41.0	41.0	41.0	37.0	41.0
37	39.786351336708435	41.0	41.0	41.0	37.0	41.0
38	39.82990330179043	41.0	41.0	41.0	37.0	41.0
39	39.82623978797814	41.0	41.0	41.0	37.0	41.0
40	39.8078812527058	41.0	41.0	41.0	37.0	41.0
41	39.79745913988478	41.0	41.0	41.0	37.0	41.0
42	39.79089930419196	41.0	41.0	41.0	37.0	41.0
43	39.770309600433315	41.0	41.0	41.0	37.0	41.0
44	39.752763531757	41.0	41.0	41.0	37.0	41.0
45	39.74017390784836	41.0	41.0	41.0	37.0	41.0
46	39.723936172848255	41.0	41.0	41.0	37.0	41.0
47	39.69848139943736	41.0	41.0	41.0	37.0	41.0
48	39.657527144512926	41.0	41.0	41.0	37.0	41.0
49	39.64474335297198	41.0	41.0	41.0	37.0	41.0
50	39.63048858363975	41.0	41.0	41.0	37.0	41.0
51	38.48752577083437	41.0	41.0	41.0	32.0	41.0
>>END_MODULE
>>Per sequence quality scores	pass
#Quality	Count
13	1.0
14	0.0
15	1.0
16	6.0
17	16.0
18	34.0
19	84.0
20	258.0
21	599.0
22	1275.0
23	3077.0
24	6929.0
25	13844.0
26	25966.0
27	43868.0
28	68717.0
29	102068.0
30	143576.0
31	193237.0
32	252167.0
33	321578.0
34	405720.0
35	512627.0
36	662295.0
37	903606.0
38	1449935.0
39	4023009.0
40	1.8717729E7
>>END_MODULE
>>Per base sequence content	warn
#Base	G	A	T	C
1	35.985573300757004	27.2844334744744	13.742500802330035	22.987492422438553
2	15.1811618285587	25.886770488828848	39.40219201411282	19.52987566849963
3	17.644385647670024	26.253312704196357	31.077157912711634	25.025143735421985
4	13.616001624574153	19.54580858934702	37.823596264599644	29.01459352147918
5	13.58297144301095	36.93863496477164	36.01852942598898	13.45986416622843
6	28.690299825988745	36.69231848001211	20.6058712299507	14.011510464048435
7	25.712044188675335	31.76282925401523	25.458523856855276	17.066602700454155
8	20.714596595071143	37.74396229865981	25.687779241959085	15.85366186430996
9	21.192079396753336	20.527364028622205	28.49119542419273	29.78936115043173
10	15.262506902501846	30.296414433032627	35.476970955995604	18.964107708469918
11	27.965646690594383	26.621104054103835	26.513442984907993	18.899806270393796
12	16.393262986342705	28.859937997047417	35.00039242829531	19.74640658831457
13	24.992526539491575	24.974333878239502	28.013287428608972	22.01985215365995
14	19.18746734102579	25.111461484114265	28.024356548644487	27.67671462621546
15	21.671380473701525	31.20101512906223	24.711281563101142	22.416322834135098
16	21.169276516236792	30.221106570473122	27.288370246063327	21.321246667226767
17	21.240065212961078	29.21304552197297	28.26832071598684	21.278568549079115
18	21.1683434090106	28.959718186936755	29.19378927828451	20.678149125768133
19	22.1779361086523	27.99118145762302	28.197226059737712	21.633656373986966
20	21.854902635775346	28.623091543647757	28.260589047437577	21.26141677313932
21	22.097066438720763	28.035414912318306	27.518450772078435	22.349067876882497
22	21.7762518193342	28.780457803330734	27.876389898084252	21.566900479250812
23	22.129749647981406	28.16525374528467	27.356571407480523	22.348425199253402
24	21.655205821639655	28.63126324355737	28.029339993053338	21.68419094174964
25	21.97528800395171	28.230566308138716	27.826049210723653	21.968096477185913
26	21.12458059385587	28.70523343972477	28.70153534486476	21.4686506215546
27	21.715671374441868	28.28993320532918	28.22659535027403	21.76780006995492
28	21.29457032189389	28.55727273752162	28.503488877835316	21.644668062749176
29	21.93015336442457	28.284942580164703	28.022816276561347	21.762087778849388
30	21.494302098944765	28.47498935990159	28.17794265771455	21.852765883439098
31	22.140181208730496	28.09198960417189	27.821090136920734	21.946739050176877
32	21.60494053221319	28.469703422585102	28.135798285680764	21.789557759520946
33	21.50894819091992	28.26113478486564	28.16813322829324	22.0617837959212
34	21.52048894185748	28.489176381597307	28.277347102804935	21.71298757374028
35	21.63857160121731	28.416504794482822	28.12137214761537	21.8235514566845
36	21.051246826913843	28.70842046282699	28.462493943930216	21.777838766328948
37	21.267251137090607	28.28137374461542	28.310857927241855	22.140517191052115
38	21.06305879657996	28.440287587420592	28.792068564563642	21.70458505143581
39	21.667619891293253	28.017780072172155	28.479870477798414	21.83472955873618
40	21.46430543315359	28.054616252879217	28.817646936750684	21.66343137721651
41	21.533955172409584	27.666223542236594	28.663792066571926	22.136029218781896
42	21.04701736184639	28.073164144677577	28.86864466325164	22.01117383022439
43	21.19670571429546	27.587127299770554	28.73167773972744	22.484489246206543
44	20.75455236569635	27.609527886141365	29.096777269691444	22.53914247847084
45	20.80649089283562	27.23958935657239	29.35996099122249	22.593958759369503
46	20.7640848187983	27.02222106372698	29.81144556437903	22.402248553095692
47	20.63141688146405	27.01647412843294	30.082901479620094	22.269207510482918
48	20.017021894547423	27.113954692932236	30.269264237029002	22.599759175491343
49	20.179191148462934	27.048414957591977	30.15509355343645	22.617300340508635
50	19.705204568491904	27.545573760038423	30.28509056012941	22.464131111340258
51	19.82462151399858	27.425179300794667	30.144495847889175	22.605703337317575
>>END_MODULE
>>Per sequence GC content	pass
#GC Content	Count
0	920.0
1	1036.0
2	1152.0
3	1652.5
4	2153.0
5	2976.5
6	3800.0
7	5172.5
8	6545.0
9	9229.0
10	11913.0
11	16819.0
12	21725.0
13	29258.5
14	36792.0
15	51451.0
16	66110.0
17	87726.0
18	109342.0
19	140667.0
20	171992.0
21	217412.5
22	262833.0
23	323676.5
24	384520.0
25	465413.5
26	641855.5
27	737404.0
28	854539.0
29	971674.0
30	1111018.5
31	1250363.0
32	1396414.5
33	1542466.0
34	1677601.5
35	1812737.0
36	1874268.0
37	1935799.0
38	1952838.0
39	1969877.0
40	1942554.0
41	1915231.0
42	1903029.5
43	1890828.0
44	1861410.0
45	1831992.0
46	1785787.5
47	1739583.0
48	1675055.0
49	1610527.0
50	1525358.5
51	1440190.0
52	1330401.0
53	1220612.0
54	1107016.5
55	993421.0
56	892175.0
57	790929.0
58	706405.0
59	621881.0
60	549799.0
61	477717.0
62	421440.5
63	365164.0
64	324058.5
65	282953.0
66	248226.5
67	213500.0
68	187902.0
69	162304.0
70	142497.0
71	122690.0
72	108273.0
73	93856.0
74	82076.0
75	61358.5
76	52421.0
77	45346.0
78	38271.0
79	32373.5
80	26476.0
81	22199.0
82	17922.0
83	14896.5
84	11871.0
85	9288.0
86	6705.0
87	5172.5
88	3640.0
89	2805.5
90	1971.0
91	1579.0
92	1187.0
93	901.5
94	616.0
95	513.5
96	411.0
97	380.0
98	349.0
99	316.5
100	284.0
>>END_MODULE
>>Per base N content	pass
#Base	N-Count
1	0.11936570087657639
2	0.06955279905495512
3	0.0012709937469261878
4	0.0
5	3.267243812719861E-4
6	0.0
7	6.46268006911621E-5
8	0.0017233813517643223
9	0.0
10	7.180755632351343E-6
11	0.0
12	0.0
13	0.0011920054349703229
14	0.0
15	0.0
16	1.507958682793782E-4
17	3.2313400345581044E-4
18	0.0
19	0.0
20	0.0
21	0.0
22	0.0
23	0.0
24	0.0
25	0.0
26	1.5438624609555388E-4
27	0.0
28	0.0
29	0.0
30	1.292536013823242E-4
31	0.025872262543361894
32	0.0
33	0.0
34	2.7286871402935106E-4
35	0.0
36	0.0
37	0.0
38	0.0018562253309628222
39	0.016662943444871292
40	0.0
41	0.0
42	0.0
43	0.016540870599121318
44	0.0
45	1.0412095666909447E-4
46	0.0
47	1.7951889080878358E-5
48	0.016364942086128712
49	2.3337455805141867E-4
50	8.257868977204045E-4
51	1.0771133448527015E-5
>>END_MODULE
>>Sequence Length Distribution	pass
#Length	Count
51	2.7852222E7
>>END_MODULE
>>Sequence Duplication Levels	fail
#Total Deduplicated Percentage	22.979632008283453
#Duplication Level	Percentage of total
1	7.5218446161086625
2	4.155883267081517
3	6.687708635033669
4	8.951106745678484
5	10.370967587199262
6	10.309628713218814
7	9.643665255227436
8	8.480160003031216
9	6.879545622871463
>10	24.139161700199587
>50	0.7094341139085233
>100	0.9767113563566465
>500	0.3400170176195319
>1k	0.7026077522722735
>5k	0.13155761419266068
>10k+	0.0
>>END_MODULE
>>Overrepresented sequences	pass
>>END_MODULE
>>Adapter Content	pass
#Position	Illumina Universal Adapter	Illumina Small RNA 3' Adapter	Illumina Small RNA 5' Adapter	Nextera Transposase Sequence	PolyA	PolyG
1	3.231340034558105E-5	0.0	0.0	5.7446045058810746E-5	0.0021183229115436463	4.308453379410806E-4
2	3.231340034558105E-5	0.0	0.0	6.103642287498641E-5	0.0029548809427125777	5.02652894264594E-4
3	3.231340034558105E-5	0.0	0.0	6.103642287498641E-5	0.0036909083950285907	6.642198959924992E-4
4	3.231340034558105E-5	0.0	0.0	1.4720549046320255E-4	0.004979854031035656	9.478597434703773E-4
5	3.231340034558105E-5	0.0	0.0	1.7233813517643224E-4	0.007618781725924776	0.001357162814514404
6	3.231340034558105E-5	0.0	0.0	1.7592851299260792E-4	0.009992021462416895	0.001956755909815741
7	3.231340034558105E-5	0.0	0.0	1.9747077988966196E-4	0.01135636503256365	0.002373239736492119
8	3.231340034558105E-5	0.0	0.0	2.2260342460289165E-4	0.012706347091445701	0.0027394582737420375
9	3.231340034558105E-5	0.0	0.0	5.277855389778238E-4	0.013826544970092511	0.003292376457433091
10	3.231340034558105E-5	0.0	0.0	6.929429185219047E-4	0.016307496041069902	0.003978138620322644
11	3.231340034558105E-5	0.0	0.0	8.078350086395262E-4	0.01904695431481194	0.004660310405396022
12	3.231340034558105E-5	0.0	0.0	8.581002980659855E-4	0.02173973767694369	0.0051845055665576695
13	3.231340034558105E-5	0.0	0.0	9.155463431247963E-4	0.024737703153450377	0.006258028533594195
14	3.231340034558105E-5	0.0	0.0	0.0010160769219777152	0.027800295430648225	0.006950971452116101
15	3.5903778161756716E-5	0.0	0.0	0.001170463168073269	0.031649180449588546	0.008200422932145235
16	3.5903778161756716E-5	0.0	0.0	0.0012817648803747149	0.03445685590183792	0.008990306051703882
17	3.5903778161756716E-5	0.0	0.0	0.0014900067937129037	0.03715322964178585	0.009618622169534624
18	3.5903778161756716E-5	0.0	0.0	0.0017772370190069576	0.04044201572140277	0.010677783625306447
19	3.5903778161756716E-5	0.0	0.0	0.0019423943985510384	0.043781067090446144	0.011665137524754758
20	3.5903778161756716E-5	0.0	0.0	0.0031128575666243075	0.04671081538844549	0.012598635756960432
21	3.5903778161756716E-5	0.0	0.0	0.003651414239050658	0.05015398771415796	0.013499820588820526
22	6.103642287498641E-5	3.5903778161756716E-6	0.0	0.006487812713829439	0.05350381021664986	0.014637970356548213
23	7.898831195586478E-5	3.5903778161756716E-6	0.0	0.007453624346380695	0.05671001760649474	0.015521203299327428
24	1.0771133448527016E-4	3.5903778161756716E-6	0.0	0.01272429898052658	0.06001675557519253	0.01627518264072432
25	1.0771133448527016E-4	3.5903778161756716E-6	0.0	0.014469222599187957	0.06352814507941233	0.017298440318334385
26	1.0771133448527016E-4	3.5903778161756716E-6	0.0	0.021976702612811285	0.06669485831327927	0.01809909457134156
27	1.0771133448527016E-4	3.5903778161756716E-6	0.0	0.03441377136804381	0.06955279905495511	0.01887102580181933
28	1.0771133448527016E-4	3.5903778161756716E-6	0.0	0.05658076400511241	0.07224917279490305	0.020080983125870533
29	1.0771133448527016E-4	3.5903778161756716E-6	0.0	0.08009773870106306	0.07552000698543908	0.020917541157039463
30	1.0771133448527016E-4	3.5903778161756716E-6	0.0	0.10939881205887272	0.0781732961915929	0.021664339742804004
31	1.0771133448527016E-4	3.5903778161756716E-6	0.0	0.13767303736125613	0.08061116272877618	0.022350101905693556
32	1.0771133448527016E-4	1.7951889080878358E-5	0.0	0.18506243415695883	0.08345115158137113	0.02314357540306838
33	1.0771133448527016E-4	1.7951889080878358E-5	0.0	0.25351657760016416	0.08596800643051028	0.023832927943774108
34	1.0771133448527016E-4	6.821717850733776E-5	0.0	0.3519180624080908	0.0884884516574656	0.02490286053299446
35	1.292536013823242E-4	6.821717850733776E-5	0.0	0.46572226804741107	0.0910735236851121	0.025753780075428095
36	1.3284397919849985E-4	6.821717850733776E-5	0.0	0.6423688566032542	0.09328878679769248	0.02664419377383966
37	1.3643435701467553E-4	6.821717850733776E-5	0.0	0.8904531925675445	0.09584154542499339	0.027254558002589524
38	1.3643435701467553E-4	6.821717850733776E-5	0.0	1.193599562720705	0.09816092949424286	0.027925958654214374
39	1.400247348308512E-4	6.821717850733776E-5	0.0	1.5557896960608744	0.10081062832258052	0.028565045905493643
40	1.400247348308512E-4	6.821717850733776E-5	0.0	2.0000630470344523	0.1031587354143594	0.029354929025052292
>>END_MODULE
