##FastQC	0.12.1
>>Basic Statistics	pass
#Measure	Value
Filename	SRR11256212.fastq.gz
File type	Conventional base calls
Encoding	Sanger / Illumina 1.9
Total Sequences	26450377
Total Bases	1.6 Gbp
Sequences flagged as poor quality	0
Sequence length	61
%GC	44
>>END_MODULE
>>Per base sequence quality	pass
#Base	Mean	Median	Lower Quartile	Upper Quartile	10th Percentile	90th Percentile
1	31.29302380075717	32.0	32.0	32.0	32.0	32.0
2	31.687102115784587	32.0	32.0	32.0	32.0	32.0
3	35.8257302721999	37.0	37.0	37.0	32.0	37.0
4	36.29876349210448	37.0	37.0	37.0	37.0	37.0
5	36.50513888705632	37.0	37.0	37.0	37.0	37.0
6	40.16710752364702	41.0	41.0	41.0	37.0	41.0
7	40.25927161643102	41.0	41.0	41.0	41.0	41.0
8	40.30460136730754	41.0	41.0	41.0	41.0	41.0
9	40.326157128119576	41.0	41.0	41.0	41.0	41.0
10	40.29046115297336	41.0	41.0	41.0	41.0	41.0
11	40.311466940527914	41.0	41.0	41.0	41.0	41.0
12	40.29031744991763	41.0	41.0	41.0	41.0	41.0
13	40.28755919055521	41.0	41.0	41.0	41.0	41.0
14	40.293990554463555	41.0	41.0	41.0	41.0	41.0
15	40.30700700409677	41.0	41.0	41.0	41.0	41.0
16	40.28852072694465	41.0	41.0	41.0	41.0	41.0
17	40.28821993728104	41.0	41.0	41.0	41.0	41.0
18	40.22759108499663	41.0	41.0	41.0	41.0	41.0
19	40.25929554803699	41.0	41.0	41.0	41.0	41.0
20	40.2617311654953	41.0	41.0	41.0	41.0	41.0
21	40.225847329132584	41.0	41.0	41.0	41.0	41.0
22	40.23099644288624	41.0	41.0	41.0	41.0	41.0
23	40.236758666993666	41.0	41.0	41.0	41.0	41.0
24	40.220503397739854	41.0	41.0	41.0	41.0	41.0
25	40.21586017469619	41.0	41.0	41.0	41.0	41.0
26	40.12995270350967	41.0	41.0	41.0	41.0	41.0
27	40.13769387861655	41.0	41.0	41.0	41.0	41.0
28	40.09214125757073	41.0	41.0	41.0	41.0	41.0
29	40.03877491046725	41.0	41.0	41.0	37.0	41.0
30	40.07498789147694	41.0	41.0	41.0	37.0	41.0
31	40.03192540507079	41.0	41.0	41.0	37.0	41.0
32	39.99517742223485	41.0	41.0	41.0	37.0	41.0
33	40.05712171890782	41.0	41.0	41.0	37.0	41.0
34	40.06856510967689	41.0	41.0	41.0	37.0	41.0
35	40.004684772545964	41.0	41.0	41.0	37.0	41.0
36	40.015174906580725	41.0	41.0	41.0	37.0	41.0
37	40.02336212447936	41.0	41.0	41.0	37.0	41.0
38	40.01213460965037	41.0	41.0	41.0	37.0	41.0
39	40.011468191927854	41.0	41.0	41.0	37.0	41.0
40	40.01270957309985	41.0	41.0	41.0	37.0	41.0
41	39.99382065518385	41.0	41.0	41.0	37.0	41.0
42	39.989246315846465	41.0	41.0	41.0	37.0	41.0
43	39.98051460665381	41.0	41.0	41.0	37.0	41.0
44	39.921522706462746	41.0	41.0	41.0	37.0	41.0
45	39.93102381867752	41.0	41.0	41.0	37.0	41.0
46	39.8973559431686	41.0	41.0	41.0	37.0	41.0
47	39.897378286895496	41.0	41.0	41.0	37.0	41.0
48	39.896510473177756	41.0	41.0	41.0	37.0	41.0
49	39.89373599476484	41.0	41.0	41.0	37.0	41.0
50	39.87590195784355	41.0	41.0	41.0	37.0	41.0
51	39.8212906001302	41.0	41.0	41.0	37.0	41.0
52	39.833622295818316	41.0	41.0	41.0	37.0	41.0
53	39.833612995383774	41.0	41.0	41.0	37.0	41.0
54	39.82100807107589	41.0	41.0	41.0	37.0	41.0
55	39.805797285989534	41.0	41.0	41.0	37.0	41.0
56	39.79103791223845	41.0	41.0	41.0	37.0	41.0
57	39.7550060250559	41.0	41.0	41.0	37.0	41.0
58	39.669165017950405	41.0	41.0	41.0	37.0	41.0
59	39.717257527180045	41.0	41.0	41.0	37.0	41.0
60	39.66295879261003	41.0	41.0	41.0	37.0	41.0
61	39.340980206066625	41.0	41.0	41.0	37.0	41.0
>>END_MODULE
>>Per sequence quality scores	pass
#Quality	Count
14	2.0
15	5.0
16	3.0
17	8.0
18	35.0
19	85.0
20	259.0
21	665.0
22	1416.0
23	3346.0
24	7028.0
25	13595.0
26	24005.0
27	39854.0
28	62253.0
29	90007.0
30	125342.0
31	165533.0
32	214279.0
33	271885.0
34	340689.0
35	431086.0
36	561080.0
37	769546.0
38	1210244.0
39	3026743.0
40	1.9091384E7
>>END_MODULE
>>Per base sequence content	warn
#Base	G	A	T	C
1	38.32675890767262	25.3596272494836	12.202922793621008	24.110691049222766
2	16.30324334632559	24.99160289631645	38.47624742548052	20.228906331877432
3	18.935670890034654	25.069840428250785	30.335410991241833	25.659077690472724
4	14.269452597183335	18.93165995276628	37.003203484030436	29.795683966019947
5	14.405114851018114	36.15098250634263	35.19032215694134	14.253580485697906
6	29.685266867840866	36.003286455992665	19.7866442508551	14.524802425311368
7	26.439453018004244	31.00459399879253	24.326492586476178	18.22946039672705
8	21.582629994271915	36.51347956212496	24.944703056595372	16.959187387007756
9	22.1361310718168	18.85512389080212	27.38740684976006	31.621338187621024
10	15.95928859539507	29.347668655157545	35.10262254485068	19.590420204596708
11	29.726531862965178	26.14406807695936	25.02152641212791	19.107873647947557
12	17.491126875053613	28.23861451955864	33.85752497970066	20.412733625687075
13	26.312223708948018	23.625474700389802	26.969216458538497	23.09308513212368
14	19.17724272890326	24.66036684467673	27.876559188551454	28.285831237868557
15	22.094390627446803	30.647740682935698	24.331670166180864	22.92619852343664
16	21.499954424090063	29.591771036004516	27.10821853314227	21.800056006763153
17	21.750268436627575	28.683027844933928	27.824234792570252	21.74246892586824
18	21.59336708130852	28.53791838203289	28.772950948865493	21.095763587793094
19	22.805667382359047	27.54805725453365	27.50496524113815	22.14131012196915
20	22.391030570188093	28.20639569711993	27.765948288752178	21.636625443939796
21	22.70471229956382	27.477646159826	26.873291824914254	22.944349715695925
22	22.30017742280195	28.377973591831978	27.330192684966264	21.9916563003998
23	22.598373550592495	27.795524426740688	26.872444956077562	22.73365706658926
24	22.12330281719614	28.19346960536706	27.637503994744574	22.045723582692222
25	22.579731094191967	27.819074185596676	27.324370461714025	22.276824258497335
26	21.67575734466578	28.302296553930866	28.158536262146967	21.863409839256388
27	22.253339249832337	27.966089039277286	27.618380672571647	22.16219103831873
28	21.708805889609813	28.169995459800063	27.940671696286216	22.180526954303904
29	22.499070796726166	27.798782755998573	27.388413471279232	22.313732975996025
30	22.04701278926951	28.027059878957488	27.685956990329473	22.239970341443527
31	22.80850575648824	27.62791816918578	27.13325384431064	22.43032223001534
32	22.133000229154685	28.14433138194566	27.51142814938254	22.211240239517117
33	22.06896087610107	27.8415328426559	27.628236854614418	22.46126942662861
34	21.915487817816196	28.15752187776551	27.856265196017233	22.07072510840106
35	22.074721279019954	28.029362303607243	27.62113749834265	22.27477891903015
36	21.524324587131595	28.207741613663956	28.121534902886264	22.14639889631819
37	21.789783987962984	27.707028345764	27.92345668565212	22.579730980620894
38	21.56267659197637	27.98515529769973	28.343112658131776	22.109055452192123
39	22.17995705972751	27.50667196252018	28.08674184585701	22.226629131895297
40	22.04756599460955	27.496077843650312	28.35560249070161	22.100753671038532
41	22.174447829372408	27.08853067483526	28.159467538152654	22.577553957639676
42	21.5642814935247	27.554649970201357	28.358546013751422	22.52252252252252
43	21.652441482841006	27.027748447068767	28.35352464046734	22.966285429622886
44	21.166943219984972	27.000986351867844	28.658725921023876	23.17334450712331
45	21.31199869098274	26.633847222669075	29.0452570865058	23.008896999842385
46	21.14952242928499	26.420749106084905	29.44354071321678	22.986187751413325
47	21.11628125376058	26.32461911601487	29.768713693570415	22.790385936654136
48	20.39514597466796	26.409453445597393	29.961542703153153	23.233857876581496
49	20.55822412783458	26.322582215985395	29.861262680832784	23.257930975347236
50	20.00500030680092	26.93994115849464	29.94720642356062	23.107852111143824
51	20.128805725528977	26.83725075071709	29.868258588525983	23.165684935227958
52	19.966584975329464	27.279898505794453	29.788237044787678	22.965279474088405
53	20.02045566307051	26.967490860338213	29.8073294002577	23.20472407633358
54	19.884598575137957	27.344564972469097	29.529589100758102	23.24124735163484
55	19.76740123855364	27.10809286830872	29.26210199325969	23.862403899877947
56	19.803393832230835	27.22653793089264	28.88819457120531	24.081873665671214
57	19.44055738895024	27.20831768922932	28.785277399406063	24.565847522414373
58	19.246449104492676	27.16314743423249	28.792213492665695	24.798189968609137
59	19.25447036161337	26.983229766441514	29.080284942630495	24.68201492931462
60	18.917144356770415	26.562097772746302	29.559419890310068	24.961337980173212
61	19.20668795690985	26.18068879286665	29.335973913308138	25.27664933691536
>>END_MODULE
>>Per sequence GC content	warn
#GC Content	Count
0	322.0
1	339.0
2	474.5
3	593.0
4	785.0
5	977.0
6	1322.5
7	2294.5
8	2921.0
9	3858.0
10	4795.0
11	6176.0
12	10397.0
13	13237.0
14	17487.0
15	21737.0
16	28733.5
17	46585.5
18	57441.0
19	73422.5
20	112215.0
21	135026.0
22	163957.5
23	192889.0
24	232508.5
25	323207.5
26	374287.0
27	435695.0
28	497103.0
29	572782.0
30	738518.5
31	828576.0
32	935860.5
33	1043145.0
34	1155517.5
35	1350198.5
36	1432507.0
37	1498684.0
38	1564861.0
39	1583726.5
40	1588789.5
41	1574987.0
42	1569191.5
43	1557633.5
44	1551871.0
45	1538947.5
46	1526024.0
47	1500044.5
48	1429880.0
49	1385695.0
50	1326552.5
51	1267410.0
52	1185423.0
53	1018203.0
54	932970.0
55	855443.5
56	777917.0
57	707843.0
58	574636.5
59	511504.0
60	459555.0
61	366341.0
62	325076.0
63	293462.0
64	261848.0
65	237686.0
66	195009.0
67	176494.0
68	159199.0
69	141904.0
70	129977.5
71	107438.5
72	96826.0
73	88368.5
74	79911.0
75	71854.0
76	56460.0
77	49123.0
78	42928.0
79	36733.0
80	32147.5
81	22850.0
82	18138.0
83	15228.0
84	10064.5
85	7811.0
86	6185.0
87	4559.0
88	3512.0
89	1876.5
90	1288.0
91	1033.0
92	778.0
93	605.5
94	380.5
95	328.0
96	284.5
97	241.0
98	222.5
99	158.0
100	112.0
>>END_MODULE
>>Per base N content	pass
#Base	N-Count
1	1.485200003009409
2	0.0029526989350662186
3	3.062338204101968E-4
4	0.026389037857570043
5	0.0060150371391681865
6	0.0
7	0.0
8	0.0
9	0.0023931605965389455
10	0.0
11	0.0011795673082466841
12	0.0
13	3.402598004557742E-5
14	0.0
15	1.4744591353083551E-4
16	0.0
17	0.0
18	0.0
19	0.0
20	0.0
21	0.0
22	0.0
23	0.0
24	0.0
25	0.0
26	0.005625628700868801
27	1.8903322247543013E-4
28	0.0
29	0.0011266380059535635
30	0.0
31	0.01496386989115505
32	0.0037579804628115505
33	0.0010510247169633914
34	0.006937519264848285
35	0.0
36	0.0
37	0.012423263381085268
38	0.02647977380435825
39	0.007606696872411308
40	0.0024234059121350142
41	0.006650188766685631
42	0.004483868037117203
43	0.003935671691938455
44	0.0014517751486113034
45	0.0
46	5.973449830223592E-4
47	0.0
48	0.0
49	0.0012098126238427528
50	0.0
51	0.0
52	0.0
53	0.0
54	3.6672445160233443E-4
55	0.004306176807990298
56	0.0028317176726819432
57	1.8903322247543013E-4
58	2.6464651146560217E-5
59	0.0
60	0.0
61	0.006207851026093125
>>END_MODULE
>>Sequence Length Distribution	pass
#Length	Count
61	2.6450377E7
>>END_MODULE
>>Sequence Duplication Levels	fail
#Total Deduplicated Percentage	30.707663220961933
#Duplication Level	Percentage of total
1	8.747161434707039
2	12.354229165300413
3	15.363789005611439
4	15.20429985963139
5	13.009369925161673
6	10.019756600320521
7	7.110352489015382
8	4.901730716242833
9	3.2637212491780025
>10	7.503448844607341
>50	0.6239481712131492
>100	0.8402759695631062
>500	0.30165328407038516
>1k	0.6488965104119849
>5k	0.10736677496537869
>10k+	0.0
>>END_MODULE
>>Overrepresented sequences	pass
>>END_MODULE
>>Adapter Content	fail
#Position	Illumina Universal Adapter	Illumina Small RNA 3' Adapter	Illumina Small RNA 5' Adapter	Nextera Transposase Sequence	PolyA	PolyG
1	5.670996674262904E-5	0.0	0.0	9.451661123771507E-5	0.002052900796083171	4.0075043164791187E-4
2	5.670996674262904E-5	0.0	0.0	1.398845846318183E-4	0.002548167838968798	4.234344183449635E-4
3	5.670996674262904E-5	0.0	0.0	1.7012990022788712E-4	0.002964040928414744	7.145455809571259E-4
4	5.670996674262904E-5	3.7806644495086024E-6	0.0	2.1927853807149895E-4	0.0038676197318473003	0.0010661473747614258
5	5.670996674262904E-5	3.7806644495086024E-6	0.0	2.5330451811707635E-4	0.005912959199031454	0.0017542283045719916
6	5.670996674262904E-5	3.7806644495086024E-6	0.0	2.646465114656022E-4	0.007670968168052955	0.002529264516721255
7	5.670996674262904E-5	3.7806644495086024E-6	0.0	3.1757581375872263E-4	0.009187014612305904	0.003073680197450494
8	5.670996674262904E-5	3.7806644495086024E-6	0.0	3.8940843829938604E-4	0.011073566172610697	0.003481991957997423
9	5.670996674262904E-5	3.7806644495086024E-6	0.0	5.519770096282559E-4	0.012483754012277406	0.004067994947671256
10	6.805196009115484E-5	3.7806644495086024E-6	0.0	6.84300265361057E-4	0.015595240854222986	0.004740953219683788
11	6.805196009115484E-5	3.7806644495086024E-6	0.0	7.599135543512291E-4	0.018680263045022006	0.0058789332189858766
12	6.805196009115484E-5	3.7806644495086024E-6	0.0	7.977201988463151E-4	0.02207529972068073	0.0064951815242557795
13	6.805196009115484E-5	3.7806644495086024E-6	0.0	8.46868836689927E-4	0.02596938410367459	0.007780607437088704
14	6.805196009115484E-5	3.7806644495086024E-6	0.0	9.527274412761678E-4	0.029961765762355673	0.008839193482951112
15	6.805196009115484E-5	3.7806644495086024E-6	0.0	0.0010963926903574948	0.035201766689374595	0.010139742053582071
16	6.805196009115484E-5	7.561328899017205E-6	0.0	0.0012098126238427528	0.039572214793006544	0.01125503806618711
17	6.805196009115484E-5	7.561328899017205E-6	0.0	0.001368600530722114	0.043640209740677796	0.01249887667007544
18	8.695528233869786E-5	7.561328899017205E-6	0.0	0.0017844736201680603	0.047205376316564414	0.013644417998276545
19	8.695528233869786E-5	7.561328899017205E-6	0.0	0.0020491201316336625	0.050819691530294635	0.01490715992441242
20	1.1341993348525808E-4	7.561328899017205E-6	0.0	0.003614315213730224	0.05437351611283272	0.015890132681284655
21	1.1341993348525808E-4	1.1341993348525808E-5	0.0	0.004321299465788333	0.058502001691696115	0.01712640995627397
22	1.1341993348525808E-4	1.1341993348525808E-5	0.0	0.009485687103817083	0.06208985225427978	0.01834378390901574
23	1.1341993348525808E-4	1.1341993348525808E-5	0.0	0.010699280392109345	0.06579868407924772	0.019682139124141785
24	1.1341993348525808E-4	1.1341993348525808E-5	0.0	0.02058571792757434	0.06997631829595473	0.02109988829270751
25	1.1341993348525808E-4	1.1341993348525808E-5	0.0	0.02309607912204805	0.07390442865899416	0.022147132345221393
26	1.1720059793476667E-4	2.2683986697051615E-5	0.0	0.036524999246702605	0.07771533842409883	0.023198157062184786
27	1.1720059793476667E-4	2.2683986697051615E-5	0.0	0.05451340069746454	0.08120489171099528	0.024491144303916728
28	1.1720059793476667E-4	2.2683986697051615E-5	0.0	0.08969248340014209	0.08478518094467992	0.025477897725238473
29	1.1720059793476667E-4	2.2683986697051615E-5	0.0	0.12671274968973031	0.0882482695804298	0.026528922442201862
30	1.1720059793476667E-4	2.2683986697051615E-5	0.0	0.17311662514299891	0.09188148811640756	0.027693367092650512
31	1.2476192683378388E-4	2.2683986697051615E-5	0.0	0.2185526504971933	0.09529920877876334	0.02877841778965948
32	1.2476192683378388E-4	2.2683986697051615E-5	0.0	0.2905818695892312	0.0986224128298814	0.02973114523093565
33	1.2476192683378388E-4	2.2683986697051615E-5	0.0	0.39631949291308777	0.1022253860502631	0.030721679316706902
34	1.2476192683378388E-4	2.2683986697051615E-5	0.0	0.5472927663753148	0.10578677196170021	0.03207893785408049
35	1.2476192683378388E-4	2.2683986697051615E-5	0.0	0.7141788565055235	0.10875837421901396	0.033145085228841915
36	1.2476192683378388E-4	2.2683986697051615E-5	0.0	0.9441680169624803	0.11182449308756544	0.034060006025623
37	1.2476192683378388E-4	2.2683986697051615E-5	0.0	1.2400730620966196	0.11437644159098376	0.03496736549350506
38	1.2476192683378388E-4	2.2683986697051615E-5	0.0	1.583493498032183	0.11692460942995254	0.03593143492812976
39	1.2476192683378388E-4	4.1587308944594625E-5	0.0	1.979404679184724	0.11952192590676496	0.03676318110702165
40	1.398845846318183E-4	4.1587308944594625E-5	0.0	2.4721727028692255	0.12243303753288658	0.037746153863893885
41	1.398845846318183E-4	4.1587308944594625E-5	0.0	3.0943453093315076	0.1252987811856141	0.038800959245306785
42	1.398845846318183E-4	4.1587308944594625E-5	0.0	3.9409608415033177	0.12798683360921473	0.03979527399552755
43	1.436652490813269E-4	4.1587308944594625E-5	0.0	5.0173651589162604	0.13073915732845698	0.04057031020767681
44	1.436652490813269E-4	4.914863784361183E-5	0.0	6.266557183665094	0.1332986671607743	0.04153816030675102
45	1.550072424298527E-4	5.2929302293120434E-5	0.0	7.429587865609628	0.13596781626212737	0.04241905512348652
46	1.550072424298527E-4	5.2929302293120434E-5	0.0	8.385256663827514	0.1385235454299952	0.04354947379388959
47	1.5878790687936132E-4	5.2929302293120434E-5	0.0	9.135181702703141	0.14095829333547874	0.04448329791291822
48	1.5878790687936132E-4	5.2929302293120434E-5	0.0	9.757902505510602	0.14394123758614102	0.04536797339410323
49	1.5878790687936132E-4	5.2929302293120434E-5	0.0	10.348306188603663	0.1465763607074485	0.04634338482207645
50	1.5878790687936132E-4	5.2929302293120434E-5	0.0	10.984977643229811	0.14992224874526364	0.047254524954408024
>>END_MODULE
